50 88
0 0
1 0
2 0
3 0
4 0
5 0
6 0
7 0
8 0
9 0
10 0
11 0
12 0
13 0
14 128
15 0
16 128
17 0
18 0
19 0
20 0
21 128
22 0
23 0
24 0
25 0
26 0
27 0
28 0
29 0
30 0
31 128
32 0
33 0
34 128
35 0
36 0
37 0
38 0
39 0
40 0
41 0
42 0
43 0
44 0
45 0
46 0
47 0
48 0
49 0
12 14 40000000 3290
10 14 40000000 3290
48 14 40000000 3290
29 12 40000000 3290
1 29 40000000 3290
28 29 40000000 3290
35 10 40000000 3290
44 10 40000000 3720
25 10 40000000 3720
48 1 40000000 3720
46 1 40000000 3720
4 35 40000000 3290
39 35 40000000 3290
44 28 40000000 3290
16 28 40000000 3720
23 28 40000000 3720
46 28 40000000 3720
4 44 40000000 3720
19 44 40000000 3290
38 48 40000000 4150
36 48 40000000 4150
31 3 40000000 3720
11 3 40000000 4150
43 3 40000000 4150
32 3 40000000 3720
20 3 40000000 4150
11 31 40000000 3720
13 31 40000000 3720
32 31 40000000 3720
2 31 40000000 4150
13 11 40000000 4150
8 11 40000000 3290
8 13 40000000 3720
25 13 40000000 3720
49 13 40000000 3720
2 8 40000000 3720
32 43 40000000 4150
20 43 40000000 3720
21 43 40000000 3720
27 43 40000000 3720
5 32 40000000 3290
27 21 40000000 3720
22 21 40000000 3720
5 21 40000000 3720
38 6 40000000 3290
7 6 40000000 3290
22 6 40000000 3290
15 27 40000000 3290
36 38 40000000 3720
39 38 40000000 3720
7 15 40000000 3720
4 22 40000000 3720
5 22 40000000 3720
39 22 40000000 3720
5 4 40000000 3720
25 5 40000000 3720
19 25 40000000 3720
18 25 40000000 3720
9 16 40000000 3290
19 16 40000000 3290
18 16 40000000 3720
33 9 40000000 3290
23 9 40000000 3720
24 33 40000000 3290
42 23 40000000 3290
24 23 40000000 3290
18 19 40000000 3290
42 46 40000000 3290
49 18 40000000 3720
24 42 40000000 3720
24 45 40000000 3290
47 45 40000000 3290
30 45 40000000 3720
49 45 40000000 3720
17 24 40000000 3720
0 47 40000000 3290
17 30 40000000 3720
26 30 40000000 3720
0 34 40000000 3290
26 34 40000000 3720
40 34 40000000 3720
37 34 40000000 3720
41 34 40000000 3720
49 0 40000000 4150
41 40 40000000 3720
2 37 40000000 3290
49 37 40000000 3720
41 37 40000000 3720
