temperature;iteration;numberOfVnfInstances;meanLoad;individualLoads
50.0;0;22;0.8497358080808081;0.7562899999999998,0.9903266666666664,0.99821,0.9824433333333333,0.866322222222222,0.7393133333333333,0.9722883333333334,0.44975000000000004,0.9996366666666667,0.9449399999999999,0.5589122222222223,0.963055,0.7459311111111108,0.9817433333333332,0.9443666666666665,0.43229833333333334,0.8645966666666667,0.8215133333333333,0.956075,0.9984,0.9137500000000002,0.8140255555555556
42.5;1;22;0.8497358080808081;0.7562899999999998,0.9903266666666664,0.99821,0.9824433333333333,0.866322222222222,0.7393133333333333,0.9722883333333334,0.44975000000000004,0.9996366666666667,0.9449399999999999,0.5589122222222223,0.963055,0.7459311111111108,0.9817433333333332,0.9443666666666665,0.43229833333333334,0.8645966666666667,0.8215133333333333,0.956075,0.9984,0.9137500000000002,0.8140255555555556
36.125;2;22;0.8497358080808081;0.9554433333333332,0.9922049999999998,0.9148244444444443,0.9886900000000001,0.99572,0.42349333333333333,0.9251166666666666,0.9882133333333332,0.8620200000000001,0.4192711111111111,0.4150433333333334,0.8300866666666668,0.5475811111111111,0.9957316666666666,0.6206477777777778,0.99388,0.9975833333333335,0.9495111111111111,0.9859466666666664,0.9982133333333335,0.97368,0.9212855555555555
30.70625;3;21;0.8901994179894179;0.8963255555555554,0.9852333333333331,0.6376055555555553,0.9944,0.9760666666666666,0.4990316666666667,0.9980633333333334,0.86098,0.41167222222222216,0.9874033333333333,0.7345566666666666,0.9995855555555554,0.9916316666666667,0.9963500000000003,0.9869133333333332,0.9003077777777778,0.9801177777777778,0.9771666666666667,0.9264433333333334,0.9828866666666666,0.9714466666666666
26.1003125;4;21;0.8901994179894179;0.8963255555555554,0.9852333333333331,0.6376055555555553,0.9944,0.9760666666666666,0.4990316666666667,0.9980633333333334,0.86098,0.41167222222222216,0.9874033333333333,0.7345566666666666,0.9995855555555554,0.9916316666666667,0.9963500000000003,0.9869133333333332,0.9003077777777778,0.9801177777777778,0.9771666666666667,0.9264433333333334,0.9828866666666666,0.9714466666666666
22.185265625;5;21;0.8901994179894179;0.8963255555555554,0.9852333333333331,0.6376055555555553,0.9944,0.9760666666666666,0.4990316666666667,0.9980633333333334,0.86098,0.41167222222222216,0.9874033333333333,0.7345566666666666,0.9995855555555554,0.9916316666666667,0.9963500000000003,0.9869133333333332,0.9003077777777778,0.9801177777777778,0.9771666666666667,0.9264433333333334,0.9828866666666666,0.9714466666666666
18.85747578125;6;21;0.8901994179894179;0.8963255555555554,0.9852333333333331,0.6376055555555553,0.9944,0.9760666666666666,0.4990316666666667,0.9980633333333334,0.86098,0.41167222222222216,0.9874033333333333,0.7345566666666666,0.9995855555555554,0.9916316666666667,0.9963500000000003,0.9869133333333332,0.9003077777777778,0.9801177777777778,0.9771666666666667,0.9264433333333334,0.9828866666666666,0.9714466666666666
16.028854414062497;7;21;0.8901994179894179;0.8963255555555554,0.9852333333333331,0.6376055555555553,0.9944,0.9760666666666666,0.4990316666666667,0.9980633333333334,0.86098,0.41167222222222216,0.9874033333333333,0.7345566666666666,0.9995855555555554,0.9916316666666667,0.9963500000000003,0.9869133333333332,0.9003077777777778,0.9801177777777778,0.9771666666666667,0.9264433333333334,0.9828866666666666,0.9714466666666666
13.624526251953123;8;21;0.8901994179894179;0.8963255555555554,0.9852333333333331,0.6376055555555553,0.9944,0.9760666666666666,0.4990316666666667,0.9980633333333334,0.86098,0.41167222222222216,0.9874033333333333,0.7345566666666666,0.9995855555555554,0.9916316666666667,0.9963500000000003,0.9869133333333332,0.9003077777777778,0.9801177777777778,0.9771666666666667,0.9264433333333334,0.9828866666666666,0.9714466666666666
11.580847314160154;9;21;0.8901994179894179;0.8963255555555554,0.9852333333333331,0.6376055555555553,0.9944,0.9760666666666666,0.4990316666666667,0.9980633333333334,0.86098,0.41167222222222216,0.9874033333333333,0.7345566666666666,0.9995855555555554,0.9916316666666667,0.9963500000000003,0.9869133333333332,0.9003077777777778,0.9801177777777778,0.9771666666666667,0.9264433333333334,0.9828866666666666,0.9714466666666666
9.84372021703613;10;21;0.8901994179894179;0.8963255555555554,0.9852333333333331,0.6376055555555553,0.9944,0.9760666666666666,0.4990316666666667,0.9980633333333334,0.86098,0.41167222222222216,0.9874033333333333,0.7345566666666666,0.9995855555555554,0.9916316666666667,0.9963500000000003,0.9869133333333332,0.9003077777777778,0.9801177777777778,0.9771666666666667,0.9264433333333334,0.9828866666666666,0.9714466666666666
8.36716218448071;11;21;0.8901994179894179;0.8963255555555554,0.9852333333333331,0.6376055555555553,0.9944,0.9760666666666666,0.4990316666666667,0.9980633333333334,0.86098,0.41167222222222216,0.9874033333333333,0.7345566666666666,0.9995855555555554,0.9916316666666667,0.9963500000000003,0.9869133333333332,0.9003077777777778,0.9801177777777778,0.9771666666666667,0.9264433333333334,0.9828866666666666,0.9714466666666666
7.1120878568086034;12;21;0.8901994179894179;0.8963255555555554,0.9852333333333331,0.6376055555555553,0.9944,0.9760666666666666,0.4990316666666667,0.9980633333333334,0.86098,0.41167222222222216,0.9874033333333333,0.7345566666666666,0.9995855555555554,0.9916316666666667,0.9963500000000003,0.9869133333333332,0.9003077777777778,0.9801177777777778,0.9771666666666667,0.9264433333333334,0.9828866666666666,0.9714466666666666
6.045274678287313;13;21;0.8901994179894179;0.8963255555555554,0.9852333333333331,0.6376055555555553,0.9944,0.9760666666666666,0.4990316666666667,0.9980633333333334,0.86098,0.41167222222222216,0.9874033333333333,0.7345566666666666,0.9995855555555554,0.9916316666666667,0.9963500000000003,0.9869133333333332,0.9003077777777778,0.9801177777777778,0.9771666666666667,0.9264433333333334,0.9828866666666666,0.9714466666666666
5.1384834765442156;14;21;0.8901994179894179;0.8963255555555554,0.9852333333333331,0.6376055555555553,0.9944,0.9760666666666666,0.4990316666666667,0.9980633333333334,0.86098,0.41167222222222216,0.9874033333333333,0.7345566666666666,0.9995855555555554,0.9916316666666667,0.9963500000000003,0.9869133333333332,0.9003077777777778,0.9801177777777778,0.9771666666666667,0.9264433333333334,0.9828866666666666,0.9714466666666666
4.3677109550625834;15;21;0.8901994179894179;0.8963255555555554,0.9852333333333331,0.6376055555555553,0.9944,0.9760666666666666,0.4990316666666667,0.9980633333333334,0.86098,0.41167222222222216,0.9874033333333333,0.7345566666666666,0.9995855555555554,0.9916316666666667,0.9963500000000003,0.9869133333333332,0.9003077777777778,0.9801177777777778,0.9771666666666667,0.9264433333333334,0.9828866666666666,0.9714466666666666
3.7125543118031956;16;21;0.8901994179894179;0.8963255555555554,0.9852333333333331,0.6376055555555553,0.9944,0.9760666666666666,0.4990316666666667,0.9980633333333334,0.86098,0.41167222222222216,0.9874033333333333,0.7345566666666666,0.9995855555555554,0.9916316666666667,0.9963500000000003,0.9869133333333332,0.9003077777777778,0.9801177777777778,0.9771666666666667,0.9264433333333334,0.9828866666666666,0.9714466666666666
3.1556711650327163;17;21;0.8901994179894179;0.8963255555555554,0.9852333333333331,0.6376055555555553,0.9944,0.9760666666666666,0.4990316666666667,0.9980633333333334,0.86098,0.41167222222222216,0.9874033333333333,0.7345566666666666,0.9995855555555554,0.9916316666666667,0.9963500000000003,0.9869133333333332,0.9003077777777778,0.9801177777777778,0.9771666666666667,0.9264433333333334,0.9828866666666666,0.9714466666666666
2.682320490277809;18;21;0.8901994179894179;0.8963255555555554,0.9852333333333331,0.6376055555555553,0.9944,0.9760666666666666,0.4990316666666667,0.9980633333333334,0.86098,0.41167222222222216,0.9874033333333333,0.7345566666666666,0.9995855555555554,0.9916316666666667,0.9963500000000003,0.9869133333333332,0.9003077777777778,0.9801177777777778,0.9771666666666667,0.9264433333333334,0.9828866666666666,0.9714466666666666
2.2799724167361375;19;21;0.8901994179894179;0.8963255555555554,0.9852333333333331,0.6376055555555553,0.9944,0.9760666666666666,0.4990316666666667,0.9980633333333334,0.86098,0.41167222222222216,0.9874033333333333,0.7345566666666666,0.9995855555555554,0.9916316666666667,0.9963500000000003,0.9869133333333332,0.9003077777777778,0.9801177777777778,0.9771666666666667,0.9264433333333334,0.9828866666666666,0.9714466666666666
1.9379765542257168;20;21;0.8901994179894179;0.8963255555555554,0.9852333333333331,0.6376055555555553,0.9944,0.9760666666666666,0.4990316666666667,0.9980633333333334,0.86098,0.41167222222222216,0.9874033333333333,0.7345566666666666,0.9995855555555554,0.9916316666666667,0.9963500000000003,0.9869133333333332,0.9003077777777778,0.9801177777777778,0.9771666666666667,0.9264433333333334,0.9828866666666666,0.9714466666666666
1.6472800710918591;21;21;0.8901994179894179;0.8963255555555554,0.9852333333333331,0.6376055555555553,0.9944,0.9760666666666666,0.4990316666666667,0.9980633333333334,0.86098,0.41167222222222216,0.9874033333333333,0.7345566666666666,0.9995855555555554,0.9916316666666667,0.9963500000000003,0.9869133333333332,0.9003077777777778,0.9801177777777778,0.9771666666666667,0.9264433333333334,0.9828866666666666,0.9714466666666666
1.4001880604280803;22;21;0.8901994179894179;0.8963255555555554,0.9852333333333331,0.6376055555555553,0.9944,0.9760666666666666,0.4990316666666667,0.9980633333333334,0.86098,0.41167222222222216,0.9874033333333333,0.7345566666666666,0.9995855555555554,0.9916316666666667,0.9963500000000003,0.9869133333333332,0.9003077777777778,0.9801177777777778,0.9771666666666667,0.9264433333333334,0.9828866666666666,0.9714466666666666
1.1901598513638683;23;21;0.8901994179894179;0.8963255555555554,0.9852333333333331,0.6376055555555553,0.9944,0.9760666666666666,0.4990316666666667,0.9980633333333334,0.86098,0.41167222222222216,0.9874033333333333,0.7345566666666666,0.9995855555555554,0.9916316666666667,0.9963500000000003,0.9869133333333332,0.9003077777777778,0.9801177777777778,0.9771666666666667,0.9264433333333334,0.9828866666666666,0.9714466666666666
1.011635873659288;24;21;0.8901994179894179;0.8963255555555554,0.9852333333333331,0.6376055555555553,0.9944,0.9760666666666666,0.4990316666666667,0.9980633333333334,0.86098,0.41167222222222216,0.9874033333333333,0.7345566666666666,0.9995855555555554,0.9916316666666667,0.9963500000000003,0.9869133333333332,0.9003077777777778,0.9801177777777778,0.9771666666666667,0.9264433333333334,0.9828866666666666,0.9714466666666666