50 88
0 64 64000 100
1 64 64000 100
2 64 64000 100
3 64 64000 100
4 64 64000 100
5 64 64000 100
6 64 64000 100
7 64 64000 100
8 64 64000 100
9 64 64000 100
10 64 64000 100
11 64 64000 100
12 64 64000 100
13 64 64000 100
14 64 64000 100
15 64 64000 100
16 64 64000 100
17 64 64000 100
18 64 64000 100
19 64 64000 100
20 64 64000 100
21 64 64000 100
22 64 64000 100
23 64 64000 100
24 64 64000 100
25 64 64000 100
26 64 64000 100
27 64 64000 100
28 64 64000 100
29 64 64000 100
30 64 64000 100
31 64 64000 100
32 64 64000 100
33 64 64000 100
34 64 64000 100
35 64 64000 100
36 64 64000 100
37 64 64000 100
38 64 64000 100
39 64 64000 100
40 64 64000 100
41 64 64000 100
42 64 64000 100
43 64 64000 100
44 64 64000 100
45 64 64000 100
46 64 64000 100
47 64 64000 100
48 64 64000 100
49 64 64000 100
12 14 40000000 3290
10 14 40000000 3290
48 14 40000000 3290
29 12 40000000 3290
0 29 40000000 3290
28 29 40000000 3290
35 10 40000000 3290
44 10 40000000 3720
25 10 40000000 3720
48 0 40000000 3720
46 0 40000000 3720
4 35 40000000 3290
39 35 40000000 3290
44 28 40000000 3290
16 28 40000000 3720
23 28 40000000 3720
46 28 40000000 3720
4 44 40000000 3720
19 44 40000000 3290
38 48 40000000 4150
36 48 40000000 4150
31 3 40000000 3720
11 3 40000000 4150
43 3 40000000 4150
32 3 40000000 3720
20 3 40000000 4150
11 31 40000000 3720
13 31 40000000 3720
32 31 40000000 3720
2 31 40000000 4150
13 11 40000000 4150
8 11 40000000 3290
8 13 40000000 3720
25 13 40000000 3720
49 13 40000000 3720
2 8 40000000 3720
32 43 40000000 4150
20 43 40000000 3720
21 43 40000000 3720
27 43 40000000 3720
5 32 40000000 3290
27 21 40000000 3720
22 21 40000000 3720
5 21 40000000 3720
38 6 40000000 3290
7 6 40000000 3290
22 6 40000000 3290
15 27 40000000 3290
36 38 40000000 3720
39 38 40000000 3720
7 15 40000000 3720
4 22 40000000 3720
5 22 40000000 3720
39 22 40000000 3720
5 4 40000000 3720
25 5 40000000 3720
19 25 40000000 3720
18 25 40000000 3720
9 16 40000000 3290
19 16 40000000 3290
18 16 40000000 3720
33 9 40000000 3290
23 9 40000000 3720
24 33 40000000 3290
42 23 40000000 3290
24 23 40000000 3290
18 19 40000000 3290
42 46 40000000 3290
49 18 40000000 3720
24 42 40000000 3720
24 45 40000000 3290
47 45 40000000 3290
30 45 40000000 3720
49 45 40000000 3720
17 24 40000000 3720
1 47 40000000 3290
17 30 40000000 3720
26 30 40000000 3720
1 34 40000000 3290
26 34 40000000 3720
40 34 40000000 3720
37 34 40000000 3720
41 34 40000000 3720
49 1 40000000 4150
41 40 40000000 3720
2 37 40000000 3290
49 37 40000000 3720
41 37 40000000 3720
