22 36
0 64
1 64
2 64
3 64
4 64
5 64
6 64
7 64
8 64
9 64
10 64
11 64
12 64
13 64
14 64
15 64
16 64
17 64
18 64
19 64
20 64
21 64
0 2 40000000 804
0 4 40000000 598
0 9 40000000 218
0 15 40000000 6802
0 19 40000000 277
1 6 40000000 264
1 13 40000000 186
1 14 40000000 169
2 6 40000000 410
2 12 40000000 250
3 4 40000000 411
3 16 40000000 309
3 20 40000000 290
4 6 40000000 478
4 7 40000000 1794
4 10 40000000 1088
4 12 40000000 518
4 14 40000000 358
4 18 40000000 1184
5 6 40000000 1054
5 12 40000000 1189
5 17 40000000 503
6 13 40000000 287
6 21 40000000 343
7 12 40000000 1453
8 9 40000000 304
8 19 40000000 115
9 20 40000000 163
10 21 40000000 463
11 12 40000000 2658
11 14 40000000 3296
14 21 40000000 359
15 21 40000000 5575
16 18 40000000 777
17 21 40000000 1588
18 21 40000000 1426
