0,15,11,3003,46216,0.00000010,ids,firewall,proxy,nat
0,4,10,134,3652,0.00000010,ids
0,3,15,13138,21754,0.00000010,firewall
0,8,3,135,1694,0.00000010,ids
0,13,3,14,5664,0.00000010,firewall
0,4,8,4138,3220,0.00000010,firewall,ids
0,19,10,38,9460,0.00000010,nat
0,4,11,3211,14333,0.00000010,nat,ids
0,15,14,535,20109,0.00000010,nix
0,15,18,5156,34774,0.00000010,firewall,proxy,ids,nat
0,4,6,1205,1425,0.00000010,nix
0,1,0,46267,3881,0.00000010,proxy
0,0,12,2033,5422,0.00000010,proxy
0,19,16,269,3624,0.00000010,proxy,firewall,ids
0,2,3,7069,4639,0.00000010,ids,nat,proxy
0,3,5,556,7532,0.00000010,nix
0,19,21,1294,5712,0.00000010,nix
0,12,17,1786,4921,0.00000010,nat,proxy,firewall,ids
0,14,11,578,14587,0.00000010,nix
0,7,12,102,5588,0.00000010,ids,proxy,firewall
0,12,18,8485,8367,0.00000010,ids
0,12,3,160,3287,0.00000010,proxy
0,0,14,725,3166,0.00000010,firewall
0,16,1,710,5155,0.00000010,proxy,firewall
0,1,21,34415,1265,0.00000010,firewall,nat,ids,proxy
0,6,15,8677,20164,0.00000010,ids,proxy,nat
0,15,9,1753,22901,0.00000010,ids,nat,proxy,firewall
0,18,11,156,12624,0.00000010,nat
0,13,14,35,1587,0.00000010,nix
0,6,7,1179,7335,0.00000010,firewall,proxy,ids,nat
0,11,21,779,8610,0.00000010,nat,proxy,firewall,ids
0,2,19,2304,5742,0.00000010,ids,firewall,proxy,nat
0,5,8,822,8114,0.00000010,nix
0,13,12,13,4223,0.00000010,nat,firewall
0,4,16,4172,2620,0.00000010,proxy,firewall,ids
0,4,15,3406,23656,0.00000010,nix
0,16,5,653,9784,0.00000010,nat,firewall
0,0,7,8167,7895,0.00000010,nix
0,12,6,2343,2466,0.00000010,nat
0,6,11,136,15068,0.00000010,nat,ids
0,5,6,856,2700,0.00000010,firewall
0,14,20,1067,4560,0.00000010,proxy,nat
0,11,14,85,16832,0.00000010,proxy,firewall,ids
0,13,18,538,4539,0.00000010,firewall,proxy,nat
0,11,8,14,12275,0.00000010,ids,firewall,proxy,nat
0,13,10,35,4563,0.00000010,firewall,proxy,ids
0,7,13,8,9123,0.00000010,nat,proxy
0,1,16,10180,3521,0.00000010,firewall,proxy,ids,nat
0,9,4,13369,2332,0.00000010,proxy,ids,nat,firewall
0,17,16,42,8282,0.00000010,nix
0,19,13,4,5907,0.00000010,nat,firewall,proxy
0,11,10,9,14536,0.00000010,nix
0,20,17,8500,8977,0.00000010,nat,ids,proxy,firewall
0,14,15,78,29014,0.00000010,ids,nat,firewall,proxy
0,1,5,7141,2987,0.00000010,firewall,proxy,nat
0,9,17,70,11430,0.00000010,proxy,ids,nat
0,12,0,2748,2953,0.00000010,proxy,ids,nat,firewall
0,9,19,433,2265,0.00000010,nat,ids,proxy,firewall
0,13,20,6,4013,0.00000010,ids,proxy,nat,firewall
0,13,15,204,17932,0.00000010,nat
0,16,11,65,15172,0.00000010,ids,nat,proxy
0,21,5,778,2992,0.00000010,nat,firewall,proxy
0,5,21,4009,5247,0.00000010,ids,firewall
0,2,15,26620,20356,0.00000010,ids
0,11,15,194,45054,0.00000010,nix
0,8,11,27,12075,0.00000010,nat,proxy,firewall,ids
0,10,11,60,12764,0.00000010,nix
0,12,1,943,3244,0.00000010,nix
0,9,1,124,3393,0.00000010,ids,proxy
0,10,19,65,5691,0.00000010,proxy
0,15,16,504,24328,0.00000010,nat,proxy
0,2,11,1937,10945,0.00000010,firewall,ids,nat
0,15,20,336,33408,0.00000010,firewall,nat,proxy
0,16,6,2041,3977,0.00000010,ids
0,13,1,27,888,0.00000010,nix
0,15,4,35420,23885,0.00000010,proxy
0,1,9,1781,6048,0.00000010,ids,proxy,firewall
0,21,3,421,3269,0.00000010,proxy,nat,ids
0,8,0,6304,4254,0.00000010,proxy,nat
0,0,10,66,8291,0.00000010,nix
0,16,0,59,2800,0.00000010,ids
0,5,2,3277,5301,0.00000010,firewall,proxy,nat,ids
0,14,4,21941,1320,0.00000010,firewall,ids,proxy
0,6,10,435,1720,0.00000010,ids
0,15,8,836,22378,0.00000010,nix
0,19,17,52,13989,0.00000010,proxy,ids,firewall
0,4,2,990,3255,0.00000010,nat,ids,firewall
0,13,7,7,5291,0.00000010,ids,nat,firewall
0,8,7,109,10626,0.00000010,firewall,proxy,nat
0,21,10,10,2130,0.00000010,proxy
0,0,19,42759,4316,0.00000010,nat
0,21,7,161,5732,0.00000010,nix
0,16,19,1333,5314,0.00000010,proxy,ids,firewall
0,12,19,1027,4778,0.00000010,ids,nat,firewall
0,2,10,273,2516,0.00000010,nix
0,13,21,3151,2768,0.00000010,nix
0,5,16,240,10646,0.00000010,firewall
0,8,14,292,4592,0.00000010,ids,firewall,proxy,nat
0,10,5,950,4884,0.00000010,ids,proxy
0,1,4,35565,2197,0.00000010,nat
0,21,13,2823,2264,0.00000010,firewall,proxy
0,10,2,403,2936,0.00000010,nix
0,20,16,5,2674,0.00000010,nix
0,18,20,270,3634,0.00000010,nat,proxy,ids,firewall
0,13,17,23,7511,0.00000010,ids,firewall,proxy
0,7,10,78,9195,0.00000010,firewall,proxy
0,1,11,639,15482,0.00000010,firewall,nat,proxy,ids
0,11,12,902,12068,0.00000010,firewall
0,15,12,2164,14035,0.00000010,nat,ids,proxy,firewall
0,12,7,3046,3091,0.00000010,nix
0,15,10,136,25216,0.00000010,nix
0,7,20,239,9799,0.00000010,proxy,nat,firewall,ids
0,21,12,586,4014,0.00000010,ids,proxy,firewall
0,13,11,13,7936,0.00000010,proxy,firewall
0,6,1,2309,1079,0.00000010,firewall
0,21,0,165,6117,0.00000010,nat
0,4,19,15336,3896,0.00000010,nat,ids
0,15,21,14310,24240,0.00000010,ids,nat,firewall,proxy
0,1,15,117644,29141,0.00000010,ids,proxy
0,14,8,1056,6174,0.00000010,ids,nat
0,19,9,4941,921,0.00000010,nix
0,17,19,41,13770,0.00000010,proxy
0,3,11,245,16813,0.00000010,firewall,nat
0,11,20,24,12420,0.00000010,proxy,nat,firewall
0,7,5,111,15306,0.00000010,proxy,nat,ids
0,18,13,201,8475,0.00000010,nix
0,19,11,16,18278,0.00000010,firewall,nat,proxy,ids
0,18,12,449,6013,0.00000010,proxy,ids,firewall,nat
0,9,2,389,3747,0.00000010,ids,nat,firewall
0,7,17,58,18335,0.00000010,ids,proxy,nat
0,0,15,514,26947,0.00000010,nix
0,10,9,689,5316,0.00000010,nix
0,4,0,1741,1978,0.00000010,nix
0,7,2,549,7290,0.00000010,nix
0,18,10,231,7602,0.00000010,ids,proxy
0,4,1,685,1968,0.00000010,nix
0,7,1,208,5491,0.00000010,firewall,proxy,ids
0,10,16,1801,4861,0.00000010,nat
0,7,14,287,7682,0.00000010,ids,firewall,nat,proxy
0,19,2,634,2812,0.00000010,nix
0,11,6,110,15964,0.00000010,ids,firewall,nat
0,8,10,83,8851,0.00000010,nat,firewall,proxy,ids
0,9,18,4067,4938,0.00000010,proxy,nat
0,6,16,1298,5484,0.00000010,nix
0,7,15,149,22543,0.00000010,firewall,nat
0,16,8,3325,2921,0.00000010,nat,ids,firewall
0,18,8,568,4775,0.00000010,proxy,firewall
0,10,4,44044,5401,0.00000010,nat,firewall
0,8,17,46,14117,0.00000010,nat,ids,firewall,proxy
0,12,13,29,4248,0.00000010,nat
0,14,6,2834,1759,0.00000010,proxy,nat
0,12,4,11963,2283,0.00000010,firewall,proxy,ids,nat
0,7,19,202,12853,0.00000010,firewall,nat
0,11,18,1069,10655,0.00000010,nat,proxy
0,14,16,1913,3949,0.00000010,ids,firewall
0,0,5,1258,10499,0.00000010,firewall,proxy,ids,nat
0,5,10,81,5910,0.00000010,firewall,ids,proxy,nat
0,16,20,25,1537,0.00000010,nat,firewall
0,12,8,177,6205,0.00000010,firewall,ids,nat,proxy
0,20,10,63,4397,0.00000010,proxy,firewall,ids,nat
0,2,18,95143,6710,0.00000010,ids
0,18,17,5993,15249,0.00000010,firewall,ids,nat
0,17,0,55,8998,0.00000010,nat,ids,firewall,proxy
0,0,13,71,4383,0.00000010,proxy,nat,ids
0,0,4,13150,2911,0.00000010,nix
0,21,9,234,3205,0.00000010,nat,ids,firewall,proxy
0,12,11,642,8332,0.00000010,nix
0,1,14,40325,721,0.00000010,firewall
0,21,2,1818,2901,0.00000010,nix
0,2,16,20071,6184,0.00000010,nat,ids
0,18,15,1984,22231,0.00000010,nat
0,0,11,788,14379,0.00000010,firewall,proxy
0,8,9,14153,3124,0.00000010,nat,proxy,ids
0,0,6,247,2738,0.00000010,nix
0,9,21,1543,7020,0.00000010,ids,proxy,nat
0,13,4,14569,3461,0.00000010,firewall,nat
0,7,9,1894,8632,0.00000010,proxy,ids,nat,firewall
0,12,2,5358,4637,0.00000010,ids,firewall,nat
0,9,0,4291,2246,0.00000010,ids,proxy,firewall,nat
0,13,8,5,7468,0.00000010,firewall,proxy
0,1,6,115637,841,0.00000010,proxy,ids
0,2,13,217,2275,0.00000010,nat,proxy,ids,firewall
0,12,20,1330,3409,0.00000010,nix
0,6,12,2316,2768,0.00000010,nix
0,12,15,12432,27280,0.00000010,nat
0,21,15,2176,18597,0.00000010,ids
0,9,13,16,6522,0.00000010,nix
0,17,6,99,4808,0.00000010,proxy,firewall,nat
0,2,0,87337,1745,0.00000010,nix
0,6,3,2270,2876,0.00000010,nix
0,15,5,1581,31578,0.00000010,nat,ids,proxy,firewall
0,18,1,504,6627,0.00000010,ids
0,9,6,147,4679,0.00000010,proxy,nat,firewall
0,19,15,149,28124,0.00000010,nat,proxy,ids
0,15,17,263,21922,0.00000010,firewall,proxy,nat
0,21,11,1049,8579,0.00000010,ids
0,3,18,27184,4863,0.00000010,ids,nat,proxy
0,14,0,1438,3261,0.00000010,nix
0,2,6,241173,976,0.00000010,nix
0,13,16,19,2972,0.00000010,nix
0,0,2,19621,5189,0.00000010,firewall,proxy,nat,ids
0,14,18,7913,6844,0.00000010,nat
0,5,15,1415,24700,0.00000010,proxy,firewall,nat,ids
0,9,14,384,3982,0.00000010,firewall
0,9,10,61,6990,0.00000010,nat,proxy,ids,firewall
0,14,2,1325,3518,0.00000010,nix
0,5,3,767,4583,0.00000010,proxy,ids
0,20,0,234,1658,0.00000010,nix
0,0,3,1,1806,0.00000010,nix
0,7,4,33145,7597,0.00000010,nix
0,17,8,29,10592,0.00000010,nix
0,11,1,23,9634,0.00000010,nix
0,14,7,700,6670,0.00000010,ids,firewall,proxy
0,20,21,526,2985,0.00000010,ids,proxy
0,1,18,86347,7139,0.00000010,proxy,nat,ids,firewall
0,5,12,4601,2628,0.00000010,nix
0,19,18,2964,4095,0.00000010,ids,proxy
0,4,14,1931,1435,0.00000010,ids
0,11,3,31,10002,0.00000010,nix
0,8,15,104,26418,0.00000010,proxy,ids
0,6,13,108,1132,0.00000010,proxy,ids,firewall
0,8,16,84,3910,0.00000010,nat,proxy,ids,firewall
0,10,20,114,6878,0.00000010,proxy
0,17,15,63,31662,0.00000010,proxy,firewall
0,20,2,822,5630,0.00000010,proxy,firewall,ids,nat
0,6,17,279,6657,0.00000010,nat,ids,proxy,firewall
0,9,8,6274,1730,0.00000010,ids,proxy,nat,firewall
0,3,8,5791,2489,0.00000010,nat,ids,firewall,proxy
0,14,12,686,3335,0.00000010,nat,proxy
0,0,18,50905,5579,0.00000010,nix
0,4,7,6042,7524,0.00000010,ids,proxy,firewall
0,5,17,1012,1148,0.00000010,nix
0,16,10,165,8358,0.00000010,ids,proxy,firewall,nat
0,10,15,3359,12348,0.00000010,ids,proxy,nat,firewall
0,15,3,1004,14314,0.00000010,firewall,proxy
0,4,17,954,5395,0.00000010,nix
0,14,5,2753,6221,0.00000010,proxy,firewall
0,16,14,6601,5369,0.00000010,ids
0,1,12,3182,3178,0.00000010,ids
0,21,20,162,4537,0.00000010,nix
0,0,8,43423,3035,0.00000010,nat,ids,firewall
0,4,13,1643,3093,0.00000010,nix
0,5,7,221,14765,0.00000010,firewall,nat,ids
0,1,2,14415,1581,0.00000010,firewall,nat
0,20,9,32556,624,0.00000010,proxy,firewall,ids,nat
0,16,9,1758,2119,0.00000010,nat,proxy,ids,firewall
0,4,12,1247,2486,0.00000010,firewall
0,11,17,36,14842,0.00000010,proxy,ids,firewall,nat
0,20,8,3660,1891,0.00000010,nix
0,16,21,2089,5480,0.00000010,firewall
0,13,6,191,1149,0.00000010,proxy
0,12,5,1241,4202,0.00000010,nat,ids
0,6,20,210,3527,0.00000010,nix
0,7,11,66,22087,0.00000010,proxy,ids,firewall
0,2,20,15078,2861,0.00000010,ids,proxy,firewall,nat
0,14,10,427,2728,0.00000010,ids,firewall,proxy,nat
0,2,7,822,6706,0.00000010,nat
0,4,18,17732,4002,0.00000010,firewall
0,17,4,4611,6801,0.00000010,firewall,proxy
0,11,5,57,12083,0.00000010,nix
0,15,6,30728,11894,0.00000010,firewall
0,20,15,4113,32142,0.00000010,ids,firewall,proxy
0,20,7,213,9830,0.00000010,firewall,proxy,ids
0,7,6,90,10331,0.00000010,firewall,ids,proxy,nat
0,6,8,334,5612,0.00000010,firewall,proxy
0,1,10,788,4803,0.00000010,nat,proxy,ids
0,14,9,1975,2441,0.00000010,nat,ids,firewall
0,13,19,11,6137,0.00000010,nat,firewall,ids
0,2,17,65328,4079,0.00000010,nix
0,5,13,33,6269,0.00000010,firewall
0,21,6,638,1615,0.00000010,nat
0,21,17,9291,5680,0.00000010,firewall,proxy
0,19,4,21227,3967,0.00000010,ids,proxy
0,1,17,3838,5703,0.00000010,firewall,ids,nat,proxy
0,1,19,1338,5679,0.00000010,ids,proxy,firewall
0,6,5,3183,2594,0.00000010,ids,nat,proxy,firewall
0,7,21,3282,9455,0.00000010,firewall,ids,nat,proxy
0,16,17,739,5857,0.00000010,nix
0,11,9,550,13860,0.00000010,firewall
0,7,8,92,12823,0.00000010,nat,proxy,ids,firewall
0,16,12,111,3016,0.00000010,nat,firewall,ids
0,6,14,813,1139,0.00000010,proxy,nat,firewall
0,20,14,14001,3909,0.00000010,nix
0,3,14,8444,2664,0.00000010,nat,ids
0,10,21,312,1512,0.00000010,firewall,ids,nat,proxy
0,14,21,11285,1309,0.00000010,nix
0,19,8,515,324,0.00000010,nix
0,15,13,23,16644,0.00000010,nat,proxy
0,7,18,4303,13975,0.00000010,firewall,nat,ids,proxy
0,16,3,84,4260,0.00000010,ids,nat,firewall,proxy
0,16,18,20305,7828,0.00000010,firewall,ids,proxy
0,10,0,2096,5238,0.00000010,ids
0,2,1,11740,1496,0.00000010,ids
0,19,20,158,1581,0.00000010,ids,nat
0,11,0,1453,11852,0.00000010,proxy
0,8,13,30,4907,0.00000010,nix
0,16,13,1087,3701,0.00000010,ids,firewall,proxy,nat
0,4,20,226,1809,0.00000010,nat,firewall,proxy
0,14,19,872,3463,0.00000010,ids,nat,proxy
0,8,4,22535,3531,0.00000010,ids
0,6,2,15547,1884,0.00000010,proxy,ids,nat,firewall
0,15,0,2117,29735,0.00000010,proxy,nat,firewall,ids
0,10,12,436,5494,0.00000010,proxy,ids,nat
0,13,2,394,2462,0.00000010,proxy,nat,firewall,ids
0,19,14,386,5739,0.00000010,nat
0,1,3,3804,3454,0.00000010,nat,firewall,ids,proxy
0,13,5,43,5614,0.00000010,nat,firewall,ids
0,9,15,243,16939,0.00000010,nat,ids
0,14,3,3275,1823,0.00000010,nat,ids,firewall,proxy
0,18,0,609,5015,0.00000010,nix
0,10,7,64,11811,0.00000010,nix
0,3,9,4181,1380,0.00000010,ids,proxy,firewall
0,17,9,889,6174,0.00000010,nat,ids,firewall,proxy
0,18,5,884,11997,0.00000010,ids,proxy
0,21,8,355,6506,0.00000010,ids,firewall,proxy
0,11,2,203,10515,0.00000010,ids
0,6,21,5980,1620,0.00000010,nat,proxy,firewall
0,16,4,14075,3347,0.00000010,nat
0,20,18,9050,3041,0.00000010,ids
0,8,5,112,9673,0.00000010,proxy,ids
0,9,20,359,375,0.00000010,firewall
0,19,3,243,2558,0.00000010,proxy,ids,nat,firewall
0,4,9,8389,3391,0.00000010,proxy
0,5,18,2958,6435,0.00000010,ids,nat,proxy
0,10,17,3027,7565,0.00000010,proxy,ids,nat
0,11,13,1,15910,0.00000010,proxy
0,10,13,1026,5482,0.00000010,nat,firewall
0,16,2,1639,6292,0.00000010,firewall,nat,ids
0,5,1,547,4866,0.00000010,ids,nat,proxy,firewall
0,19,1,175,3945,0.00000010,ids
0,7,16,168,9876,0.00000010,nix
0,18,3,578,2770,0.00000010,nix
0,12,16,734,3910,0.00000010,firewall,ids,proxy
0,20,6,1157,2720,0.00000010,nix
0,13,0,60,6091,0.00000010,ids,proxy
0,14,1,2212,515,0.00000010,proxy,nat,ids
0,1,13,1514,424,0.00000010,firewall
0,21,1,281,2359,0.00000010,nat,proxy,ids,firewall
0,12,10,88,4938,0.00000010,ids,proxy,nat,firewall
0,19,6,41,5967,0.00000010,nat,ids,firewall
0,18,6,473,7390,0.00000010,nat,proxy,firewall,ids
0,7,0,2924,10089,0.00000010,proxy,ids
0,9,3,346,1811,0.00000010,ids,proxy,nat,firewall
0,3,2,1118,4226,0.00000010,nix
0,15,1,1092,16583,0.00000010,nix
0,16,15,3882,22195,0.00000010,nat,ids,firewall,proxy
0,10,14,423,3598,0.00000010,nix
0,21,16,198,4467,0.00000010,nix
0,19,0,5543,2671,0.00000010,proxy,firewall,ids,nat
0,3,1,216,4379,0.00000010,nat
0,6,18,6944,3458,0.00000010,ids,nat
0,3,21,7859,2611,0.00000010,firewall,nat
0,9,11,55,15451,0.00000010,ids
0,5,11,699,13913,0.00000010,firewall
0,3,20,53,1005,0.00000010,ids,nat
0,0,17,307,9174,0.00000010,ids,nat,firewall,proxy
0,17,13,1,8369,0.00000010,nat,firewall
0,3,19,5638,3661,0.00000010,nix
0,17,21,4069,7401,0.00000010,nix
0,21,18,15342,5317,0.00000010,proxy,nat,firewall,ids
0,5,4,14734,6189,0.00000010,ids,proxy
0,10,6,1853,2296,0.00000010,nat
0,18,7,167,10730,0.00000010,nat
0,2,4,205332,2958,0.00000010,proxy,nat,firewall,ids
0,6,0,2775,5215,0.00000010,nix
0,17,1,95,8875,0.00000010,nix
0,15,19,264,23083,0.00000010,nat
0,5,0,732,9598,0.00000010,nix
0,16,7,249,5554,0.00000010,proxy,nat
0,0,21,666,3210,0.00000010,nat,firewall,ids
0,8,19,285,3846,0.00000010,firewall,nat,proxy
0,3,16,175,4083,0.00000010,firewall
0,1,7,1025,8055,0.00000010,firewall,proxy,nat,ids
0,17,2,116,8271,0.00000010,nat,proxy
0,2,5,71045,5081,0.00000010,firewall,proxy,nat,ids
0,17,5,181,11993,0.00000010,firewall,nat
0,20,11,57,17160,0.00000010,firewall,ids,nat,proxy
0,3,0,321,3285,0.00000010,firewall
0,13,9,513,7649,0.00000010,proxy,nat,ids,firewall
0,3,4,12912,1900,0.00000010,proxy,firewall,nat,ids
0,8,20,189,1926,0.00000010,proxy,ids
0,3,10,161,7525,0.00000010,firewall,nat,proxy
0,8,2,544,8057,0.00000010,nat
0,0,1,1799,3601,0.00000010,ids,nat,firewall,proxy
0,20,3,135,761,0.00000010,nat,firewall
0,9,7,113,8596,0.00000010,firewall
0,4,3,571,1746,0.00000010,proxy,ids,nat,firewall
0,12,14,3183,2527,0.00000010,proxy,firewall
0,18,19,876,7215,0.00000010,proxy,ids,nat,firewall
0,10,1,6840,2709,0.00000010,ids,nat
0,19,5,102,11428,0.00000010,nix
0,18,21,4442,9461,0.00000010,ids
0,8,1,43,4643,0.00000010,nix
0,17,10,77,4793,0.00000010,proxy,ids
0,11,7,25,17462,0.00000010,firewall,nat,proxy,ids
0,17,3,100,5613,0.00000010,nat,firewall,proxy
0,20,19,1953,1976,0.00000010,proxy
0,1,8,323,3959,0.00000010,nix
0,20,5,2256,7773,0.00000010,firewall,ids,nat,proxy
0,8,18,2920,7955,0.00000010,proxy,firewall,nat,ids
0,18,14,3179,5140,0.00000010,nix
0,2,14,25837,3476,0.00000010,firewall
0,14,17,658,4231,0.00000010,proxy,firewall,nat
0,17,12,485,6748,0.00000010,nix
0,3,7,147,10198,0.00000010,proxy,ids,firewall
0,4,5,3005,7460,0.00000010,nix
0,8,12,107,5232,0.00000010,nix
0,20,1,102,3573,0.00000010,nat,firewall
0,19,12,169,4803,0.00000010,ids,firewall
0,3,6,7736,4437,0.00000010,nix
0,18,16,895,9473,0.00000010,firewall,ids
0,17,18,15117,6824,0.00000010,nat,firewall
0,21,4,5754,2412,0.00000010,firewall,ids,proxy
0,9,5,451,8497,0.00000010,proxy,nat,firewall,ids
0,2,8,49148,8253,0.00000010,firewall,nat,proxy,ids
0,7,3,222,7827,0.00000010,proxy,firewall
0,20,13,6,3189,0.00000010,firewall,proxy,nat
0,18,2,1240,9513,0.00000010,nix
0,5,20,677,6299,0.00000010,ids,nat
0,2,12,39448,3094,0.00000010,ids,nat
0,17,14,145,6447,0.00000010,nat,firewall
0,9,16,218,1545,0.00000010,nix
0,21,19,162,6331,0.00000010,ids,nat
0,18,9,1138,4360,0.00000010,firewall,proxy,ids,nat
0,0,20,3,1044,0.00000010,firewall,nat,ids
0,20,4,10143,2391,0.00000010,nix
0,17,11,24,13962,0.00000010,nat,firewall
0,18,4,10253,3888,0.00000010,nat
0,19,7,132,10338,0.00000010,proxy,ids
0,2,21,126006,2989,0.00000010,nat
0,20,12,125,4530,0.00000010,nix
0,15,2,38695,25792,0.00000010,firewall,ids
0,15,7,168,27220,0.00000010,nix
0,12,9,442,3208,0.00000010,firewall,proxy,ids,nat
0,6,19,571,5143,0.00000010,nat,proxy
0,3,12,285,4444,0.00000010,ids,firewall,proxy,nat
0,17,7,31,9417,0.00000010,proxy
0,17,20,38,9831,0.00000010,ids,firewall,proxy
0,14,13,188,1708,0.00000010,proxy,nat
0,5,14,382,3918,0.00000010,nix
0,8,21,1211,4997,0.00000010,firewall,proxy
0,11,19,11,20097,0.00000010,nat
0,0,9,61902,1564,0.00000010,proxy
0,8,6,149,5477,0.00000010,firewall,nat,ids
0,5,9,838,9042,0.00000010,nat,proxy,ids,firewall
0,11,16,22,15525,0.00000010,firewall,nat
0,21,14,5544,1517,0.00000010,nix
0,6,4,7681,1519,0.00000010,nat,proxy,firewall,ids
0,4,21,2542,3455,0.00000010,nat,ids,firewall,proxy
0,9,12,125,3710,0.00000010,firewall,ids,nat,proxy
0,10,18,7638,6501,0.00000010,nix
0,1,20,32590,5436,0.00000010,proxy
0,3,17,995,7462,0.00000010,ids,nat,proxy,firewall
0,10,8,104,9641,0.00000010,proxy
0,3,13,36,5669,0.00000010,firewall,proxy,ids,nat
0,6,9,620,5540,0.00000010,firewall
0,12,21,2857,4781,0.00000010,proxy,firewall,ids
0,0,16,10,4787,0.00000010,nix
0,10,3,1438,3139,0.00000010,nix
0,2,9,11671,4458,0.00000010,nix
0,11,4,11693,11646,0.00000010,nix
0,5,19,196,8969,0.00000010,proxy
