solutionNumber;flowID;ingress;egress;delay;route
0;0;0;1;87.00;0,[1],[1],[1]
0;1;0;2;171.00;0,[1],[1],[1],5,2
0;2;0;3;262.00;0,[1],[1],[1],5,6,3
0;3;0;4;204.00;0,1,[4],[4],[4]
0;4;0;5;145.00;0,[1],[1],[1],5
0;5;0;6;199.00;0,[1],[1],[1],5,6
0;6;0;7;393.00;0,[1],[1],[1],4,7
0;7;0;8;194.00;0,1,[11],[11],[11],8
0;8;0;9;391.00;0,1,5,6,3,[9],[9],[9]
0;9;0;10;471.00;0,1,5,6,[3],[3],[3],10
0;10;0;11;171.00;0,[1],[1],[1],11
0;11;1;0;87.00;[1],[1],[1],0
0;12;1;2;170.00;[1],[1],[1],5,2
0;13;1;3;261.00;1,5,6,[3],[3],[3]
0;14;1;4;203.00;1,[4],[4],[4]
0;15;1;5;144.00;1,[5],[5],[5]
0;16;1;6;198.00;[1],[1],[1],5,6
0;17;1;7;392.00;1,[4],[4],[4],7
0;18;1;8;193.00;1,[11],[11],[11],8
0;19;1;9;390.00;1,5,6,[3],[3],[3],9
0;20;1;10;470.00;1,[5],[5],[5],6,3,10
0;21;1;11;170.00;[1],[1],[1],11
0;22;2;0;171.00;2,[5],[5],[5],1,0
0;23;2;1;170.00;2,5,[1],[1],[1]
0;24;2;3;229.00;2,5,6,[3],[3],[3]
0;25;2;4;256.00;2,5,6,[4],[4],[4]
0;26;2;5;112.00;2,[5],[5],[5]
0;27;2;6;166.00;2,[5],[5],[5],6
0;28;2;7;394.00;2,[5],[5],[5],6,3,9,7
0;29;2;8;202.00;2,8,[11],[11],[11],8
0;30;2;9;358.00;2,[5],[5],[5],6,3,9
0;31;2;10;438.00;2,5,6,[3],[3],[3],10
0;32;2;11;179.00;2,8,[11],[11],[11]
0;33;3;0;262.00;3,6,5,[1],[1],[1],0
0;34;3;1;261.00;[3],[3],[3],6,5,1
0;35;3;2;229.00;[3],[3],[3],6,5,2
0;36;3;4;239.00;[3],[3],[3],6,4
0;37;3;5;203.00;3,6,[5],[5],[5]
0;38;3;6;149.00;[3],[3],[3],6
0;39;3;7;251.00;3,[9],[9],[9],7
0;40;3;8;299.00;[3],[3],[3],6,5,2,8
0;41;3;9;215.00;3,[9],[9],[9]
0;42;3;10;295.00;3,[10],[10],[10]
0;43;3;11;322.00;[3],[3],[3],6,5,2,8,11
0;44;4;0;204.00;[4],[4],[4],1,0
0;45;4;1;203.00;[4],[4],[4],1
0;46;4;2;256.00;4,6,[5],[5],[5],2
0;47;4;3;239.00;4,6,[3],[3],[3]
0;48;4;5;230.00;4,6,[5],[5],[5]
0;49;4;6;176.00;[4],[4],[4],6
0;50;4;7;275.00;[4],[4],[4],7
0;51;4;8;310.00;4,1,[11],[11],[11],8
0;52;4;9;311.00;4,7,[9],[9],[9]
0;53;4;10;397.00;4,7,[9],[9],[9],10
0;54;4;11;287.00;4,[1],[1],[1],11
0;55;5;0;145.00;[5],[5],[5],1,0
0;56;5;1;144.00;5,[1],[1],[1]
0;57;5;2;112.00;[5],[5],[5],2
0;58;5;3;203.00;[5],[5],[5],6,3
0;59;5;4;230.00;5,6,[4],[4],[4]
0;60;5;6;140.00;[5],[5],[5],6
0;61;5;7;368.00;[5],[5],[5],6,3,9,7
0;62;5;8;182.00;[5],[5],[5],2,8
0;63;5;9;332.00;[5],[5],[5],6,3,9
0;64;5;10;412.00;5,6,3,[10],[10],[10]
0;65;5;11;205.00;5,2,8,[11],[11],[11]
0;66;6;0;199.00;6,[5],[5],[5],1,0
0;67;6;1;198.00;6,[5],[5],[5],1
0;68;6;2;166.00;6,[5],[5],[5],2
0;69;6;3;149.00;6,[3],[3],[3]
0;70;6;4;176.00;6,[4],[4],[4]
0;71;6;5;140.00;6,[5],[5],[5]
0;72;6;7;314.00;6,[3],[3],[3],9,7
0;73;6;8;236.00;6,[5],[5],[5],2,8
0;74;6;9;278.00;6,3,[9],[9],[9]
0;75;6;10;358.00;6,3,[10],[10],[10]
0;76;6;11;259.00;6,5,2,8,[11],[11],[11]
0;77;7;0;393.00;7,4,[1],[1],[1],0
0;78;7;1;392.00;7,[4],[4],[4],1
0;79;7;2;394.00;7,9,[3],[3],[3],6,5,2
0;80;7;3;251.00;7,9,[3],[3],[3]
0;81;7;4;275.00;7,[4],[4],[4]
0;82;7;5;368.00;7,[9],[9],[9],3,6,5
0;83;7;6;314.00;7,9,[3],[3],[3],6
0;84;7;8;464.00;7,[9],[9],[9],3,6,5,2,8
0;85;7;9;122.00;7,[9],[9],[9]
0;86;7;10;208.00;7,[9],[9],[9],10
0;87;7;11;476.00;7,[4],[4],[4],1,11
0;88;8;0;194.00;8,[11],[11],[11],1,0
0;89;8;1;193.00;8,11,[1],[1],[1]
0;90;8;2;202.00;8,[11],[11],[11],8,2
0;91;8;3;299.00;8,2,[5],[5],[5],6,3
0;92;8;4;310.00;8,11,[1],[1],[1],4
0;93;8;5;182.00;8,2,[5],[5],[5]
0;94;8;6;236.00;8,2,[5],[5],[5],6
0;95;8;7;464.00;8,2,5,6,[3],[3],[3],9,7
0;96;8;9;428.00;8,2,5,6,[3],[3],[3],9
0;97;8;10;508.00;8,2,5,6,[3],[3],[3],10
0;98;8;11;109.00;8,[11],[11],[11]
0;99;9;0;391.00;9,[3],[3],[3],6,5,1,0
0;100;9;1;390.00;9,3,6,5,[1],[1],[1]
0;101;9;2;358.00;9,[3],[3],[3],6,5,2
0;102;9;3;215.00;[9],[9],[9],3
0;103;9;4;311.00;[9],[9],[9],7,4
0;104;9;5;332.00;9,[3],[3],[3],6,5
0;105;9;6;278.00;[9],[9],[9],3,6
0;106;9;7;122.00;[9],[9],[9],7
0;107;9;8;428.00;9,[3],[3],[3],6,5,2,8
0;108;9;10;172.00;9,[10],[10],[10]
0;109;9;11;451.00;9,[3],[3],[3],6,5,2,8,11
0;110;10;0;471.00;10,3,6,[5],[5],[5],1,0
0;111;10;1;470.00;10,3,6,5,[1],[1],[1]
0;112;10;2;438.00;10,3,6,[5],[5],[5],2
0;113;10;3;295.00;10,[3],[3],[3]
0;114;10;4;397.00;10,9,7,[4],[4],[4]
0;115;10;5;412.00;10,[3],[3],[3],6,5
0;116;10;6;358.00;[10],[10],[10],3,6
0;117;10;7;208.00;[10],[10],[10],9,7
0;118;10;8;508.00;10,[3],[3],[3],6,5,2,8
0;119;10;9;172.00;10,[9],[9],[9]
0;120;10;11;531.00;[10],[10],[10],3,6,5,2,8,11
0;121;11;0;171.00;11,[1],[1],[1],0
0;122;11;1;170.00;[11],[11],[11],1
0;123;11;2;179.00;[11],[11],[11],8,2
0;124;11;3;322.00;[11],[11],[11],8,2,5,6,3
0;125;11;4;287.00;11,[1],[1],[1],4
0;126;11;5;205.00;[11],[11],[11],8,2,5
0;127;11;6;259.00;11,8,2,[5],[5],[5],6
0;128;11;7;476.00;[11],[11],[11],1,4,7
0;129;11;8;109.00;[11],[11],[11],8
0;130;11;9;451.00;[11],[11],[11],8,2,5,6,3,9
0;131;11;10;531.00;11,8,2,5,6,[3],[3],[3],10
1;0;0;1;87.00;0,[1],[1],[1]
1;1;0;2;171.00;0,[1],[1],[1],5,2
1;2;0;3;262.00;0,[1],[1],[1],5,6,3
1;3;0;4;204.00;0,[1],[1],[1],4
1;4;0;5;145.00;0,[1],[1],[1],5
1;5;0;6;199.00;0,[1],[1],[1],5,6
1;6;0;7;393.00;0,[1],[1],[1],4,7
1;7;0;8;194.00;0,[1],[1],[1],11,8
1;8;0;9;391.00;0,1,5,6,[3],[3],[3],9
1;9;0;10;471.00;0,1,5,6,[3],[3],[3],10
1;10;0;11;171.00;0,[1],[1],[1],11
1;11;1;0;87.00;[1],[1],[1],0
1;12;1;2;170.00;1,[5],[5],[5],2
1;13;1;3;261.00;1,[5],[5],[5],6,3
1;14;1;4;203.00;[1],[1],[1],4
1;15;1;5;144.00;[1],[1],[1],5
1;16;1;6;198.00;[1],[1],[1],5,6
1;17;1;7;392.00;[1],[1],[1],4,7
1;18;1;8;193.00;[1],[1],[1],11,8
1;19;1;9;390.00;[1],[1],[1],5,6,3,9
1;20;1;10;470.00;1,5,6,[3],[3],[3],10
1;21;1;11;170.00;[1],[1],[1],11
1;22;2;0;171.00;2,[5],[5],[5],1,0
1;23;2;1;170.00;2,5,[1],[1],[1]
1;24;2;3;229.00;2,5,6,[3],[3],[3]
1;25;2;4;256.00;2,[5],[5],[5],6,4
1;26;2;5;112.00;2,[5],[5],[5]
1;27;2;6;166.00;2,[5],[5],[5],6
1;28;2;7;394.00;2,5,6,3,[9],[9],[9],7
1;29;2;8;202.00;2,8,[11],[11],[11],8
1;30;2;9;358.00;2,[5],[5],[5],6,3,9
1;31;2;10;438.00;2,[5],[5],[5],6,3,10
1;32;2;11;179.00;2,8,[11],[11],[11]
1;33;3;0;262.00;[3],[3],[3],6,5,1,0
1;34;3;1;261.00;3,6,[5],[5],[5],1
1;35;3;2;229.00;3,6,[5],[5],[5],2
1;36;3;4;239.00;[3],[3],[3],6,4
1;37;3;5;203.00;3,6,[5],[5],[5]
1;38;3;6;149.00;[3],[3],[3],6
1;39;3;7;251.00;3,[9],[9],[9],7
1;40;3;8;299.00;3,6,[5],[5],[5],2,8
1;41;3;9;215.00;[3],[3],[3],9
1;42;3;10;295.00;[3],[3],[3],10
1;43;3;11;322.00;[3],[3],[3],6,5,2,8,11
1;44;4;0;204.00;[4],[4],[4],1,0
1;45;4;1;203.00;[4],[4],[4],1
1;46;4;2;256.00;4,6,[5],[5],[5],2
1;47;4;3;239.00;4,6,[3],[3],[3]
1;48;4;5;230.00;[4],[4],[4],6,5
1;49;4;6;176.00;[4],[4],[4],6
1;50;4;7;275.00;[4],[4],[4],7
1;51;4;8;310.00;[4],[4],[4],1,11,8
1;52;4;9;311.00;4,7,[9],[9],[9]
1;53;4;10;397.00;[4],[4],[4],7,9,10
1;54;4;11;287.00;4,1,[11],[11],[11]
1;55;5;0;145.00;5,[1],[1],[1],0
1;56;5;1;144.00;5,[1],[1],[1]
1;57;5;2;112.00;[5],[5],[5],2
1;58;5;3;203.00;[5],[5],[5],6,3
1;59;5;4;230.00;5,6,[4],[4],[4]
1;60;5;6;140.00;[5],[5],[5],6
1;61;5;7;368.00;[5],[5],[5],6,3,9,7
1;62;5;8;182.00;[5],[5],[5],2,8
1;63;5;9;332.00;5,6,3,[9],[9],[9]
1;64;5;10;412.00;[5],[5],[5],6,3,10
1;65;5;11;205.00;[5],[5],[5],2,8,11
1;66;6;0;199.00;6,[5],[5],[5],1,0
1;67;6;1;198.00;6,5,[1],[1],[1]
1;68;6;2;166.00;6,[5],[5],[5],2
1;69;6;3;149.00;6,[3],[3],[3]
1;70;6;4;176.00;6,[4],[4],[4]
1;71;6;5;140.00;6,[5],[5],[5]
1;72;6;7;314.00;6,3,[9],[9],[9],7
1;73;6;8;236.00;6,[5],[5],[5],2,8
1;74;6;9;278.00;6,[3],[3],[3],9
1;75;6;10;358.00;6,3,[10],[10],[10]
1;76;6;11;259.00;6,5,2,8,[11],[11],[11]
1;77;7;0;393.00;7,4,[1],[1],[1],0
1;78;7;1;392.00;7,4,[1],[1],[1]
1;79;7;2;394.00;7,9,[3],[3],[3],6,5,2
1;80;7;3;251.00;7,9,[3],[3],[3]
1;81;7;4;275.00;7,[4],[4],[4]
1;82;7;5;368.00;7,9,3,6,[5],[5],[5]
1;83;7;6;314.00;7,9,[3],[3],[3],6
1;84;7;8;464.00;7,9,3,6,[5],[5],[5],2,8
1;85;7;9;122.00;7,[9],[9],[9]
1;86;7;10;208.00;7,9,[10],[10],[10]
1;87;7;11;476.00;7,4,[1],[1],[1],11
1;88;8;0;194.00;8,[11],[11],[11],1,0
1;89;8;1;193.00;8,11,[1],[1],[1]
1;90;8;2;202.00;8,[11],[11],[11],8,2
1;91;8;3;299.00;8,2,[5],[5],[5],6,3
1;92;8;4;310.00;8,11,1,[4],[4],[4]
1;93;8;5;182.00;8,2,[5],[5],[5]
1;94;8;6;236.00;8,2,[5],[5],[5],6
1;95;8;7;464.00;8,2,[5],[5],[5],6,3,9,7
1;96;8;9;428.00;8,2,5,6,3,[9],[9],[9]
1;97;8;10;508.00;8,2,[5],[5],[5],6,3,10
1;98;8;11;109.00;8,[11],[11],[11]
1;99;9;0;391.00;[9],[9],[9],3,6,5,1,0
1;100;9;1;390.00;9,3,6,[5],[5],[5],1
1;101;9;2;358.00;[9],[9],[9],3,6,5,2
1;102;9;3;215.00;[9],[9],[9],3
1;103;9;4;311.00;9,7,[4],[4],[4]
1;104;9;5;332.00;9,[3],[3],[3],6,5
1;105;9;6;278.00;9,[3],[3],[3],6
1;106;9;7;122.00;[9],[9],[9],7
1;107;9;8;428.00;[9],[9],[9],3,6,5,2,8
1;108;9;10;172.00;[9],[9],[9],10
1;109;9;11;451.00;9,3,6,[5],[5],[5],2,8,11
1;110;10;0;471.00;10,3,6,5,[1],[1],[1],0
1;111;10;1;470.00;10,3,6,5,[1],[1],[1]
1;112;10;2;438.00;10,[3],[3],[3],6,5,2
1;113;10;3;295.00;[10],[10],[10],3
1;114;10;4;397.00;10,[9],[9],[9],7,4
1;115;10;5;412.00;10,3,6,[5],[5],[5]
1;116;10;6;358.00;10,[3],[3],[3],6
1;117;10;7;208.00;[10],[10],[10],9,7
1;118;10;8;508.00;10,3,6,[5],[5],[5],2,8
1;119;10;9;172.00;[10],[10],[10],9
1;120;10;11;531.00;10,[3],[3],[3],6,5,2,8,11
1;121;11;0;171.00;[11],[11],[11],1,0
1;122;11;1;170.00;[11],[11],[11],1
1;123;11;2;179.00;[11],[11],[11],8,2
1;124;11;3;322.00;11,8,2,[5],[5],[5],6,3
1;125;11;4;287.00;[11],[11],[11],1,4
1;131;11;10;531.00;[11],[11],[11],8,2,5,6,3,10
1;127;11;6;259.00;[11],[11],[11],8,2,5,6
1;128;11;7;476.00;11,[1],[1],[1],4,7
1;129;11;8;109.00;[11],[11],[11],8
1;130;11;9;451.00;11,8,2,5,6,[3],[3],[3],9
1;126;11;5;547.00;11,1,[4],6,[5],[1],5
2;0;0;1;87.00;0,[1],[1],[1]
2;1;0;2;171.00;0,[1],[1],[1],5,2
2;2;0;3;262.00;0,[1],[1],[1],5,6,3
2;3;0;4;204.00;0,[1],[1],[1],4
2;4;0;5;145.00;0,[1],[1],[1],5
2;5;0;6;199.00;0,[1],[1],[1],5,6
2;6;0;7;393.00;0,[1],[1],[1],4,7
2;7;0;8;194.00;0,[1],[1],[1],11,8
2;8;0;9;391.00;0,1,5,6,[3],[3],[3],9
2;9;0;10;471.00;0,1,5,6,[3],[3],[3],10
2;10;0;11;171.00;0,[1],[1],[1],11
2;11;1;0;87.00;[1],[1],[1],0
2;12;1;2;170.00;1,[5],[5],[5],2
2;13;1;3;261.00;1,[5],[5],[5],6,3
2;14;1;4;203.00;[1],[1],[1],4
2;15;1;5;144.00;[1],[1],[1],5
2;16;1;6;198.00;[1],[1],[1],5,6
2;17;1;7;392.00;[1],[1],[1],4,7
2;18;1;8;193.00;[1],[1],[1],11,8
2;19;1;9;390.00;[1],[1],[1],5,6,3,9
2;20;1;10;470.00;1,5,6,[3],[3],[3],10
2;21;1;11;170.00;[1],[1],[1],11
2;22;2;0;171.00;2,[5],[5],[5],1,0
2;23;2;1;170.00;2,5,[1],[1],[1]
2;24;2;3;229.00;2,5,6,[3],[3],[3]
2;69;6;3;437.00;6,[4],6,[5],[5],6,3
2;26;2;5;112.00;2,[5],[5],[5]
2;27;2;6;166.00;2,[5],[5],[5],6
2;28;2;7;394.00;2,5,6,3,[9],[9],[9],7
2;29;2;8;202.00;2,8,[11],[11],[11],8
2;30;2;9;358.00;2,[5],[5],[5],6,3,9
2;31;2;10;438.00;2,[5],[5],[5],6,3,10
2;32;2;11;179.00;2,8,[11],[11],[11]
2;33;3;0;262.00;[3],[3],[3],6,5,1,0
2;34;3;1;261.00;3,6,[5],[5],[5],1
2;35;3;2;229.00;3,6,[5],[5],[5],2
2;36;3;4;239.00;[3],[3],[3],6,4
2;37;3;5;203.00;3,6,[5],[5],[5]
2;38;3;6;149.00;[3],[3],[3],6
2;39;3;7;251.00;3,[9],[9],[9],7
2;40;3;8;299.00;3,6,[5],[5],[5],2,8
2;41;3;9;215.00;[3],[3],[3],9
2;42;3;10;295.00;[3],[3],[3],10
2;43;3;11;322.00;[3],[3],[3],6,5,2,8,11
2;44;4;0;204.00;[4],[4],[4],1,0
2;45;4;1;203.00;[4],[4],[4],1
2;46;4;2;256.00;4,6,[5],[5],[5],2
2;47;4;3;239.00;4,6,[3],[3],[3]
2;48;4;5;230.00;[4],[4],[4],6,5
2;49;4;6;176.00;[4],[4],[4],6
2;50;4;7;275.00;[4],[4],[4],7
2;51;4;8;310.00;[4],[4],[4],1,11,8
2;52;4;9;311.00;4,7,[9],[9],[9]
2;53;4;10;397.00;[4],[4],[4],7,9,10
2;54;4;11;287.00;4,1,[11],[11],[11]
2;55;5;0;145.00;5,[1],[1],[1],0
2;56;5;1;144.00;5,[1],[1],[1]
2;57;5;2;112.00;[5],[5],[5],2
2;58;5;3;203.00;[5],[5],[5],6,3
2;59;5;4;230.00;5,6,[4],[4],[4]
2;60;5;6;140.00;[5],[5],[5],6
2;61;5;7;368.00;[5],[5],[5],6,3,9,7
2;62;5;8;182.00;[5],[5],[5],2,8
2;63;5;9;332.00;5,6,3,[9],[9],[9]
2;64;5;10;412.00;[5],[5],[5],6,3,10
2;65;5;11;205.00;[5],[5],[5],2,8,11
2;66;6;0;199.00;6,[5],[5],[5],1,0
2;67;6;1;198.00;6,5,[1],[1],[1]
2;68;6;2;166.00;6,[5],[5],[5],2
2;131;11;10;531.00;[11],[11],[11],8,2,5,6,3,10
2;70;6;4;176.00;6,[4],[4],[4]
2;71;6;5;140.00;6,[5],[5],[5]
2;72;6;7;314.00;6,3,[9],[9],[9],7
2;73;6;8;236.00;6,[5],[5],[5],2,8
2;74;6;9;278.00;6,[3],[3],[3],9
2;75;6;10;358.00;6,3,[10],[10],[10]
2;76;6;11;259.00;6,5,2,8,[11],[11],[11]
2;77;7;0;393.00;7,4,[1],[1],[1],0
2;78;7;1;392.00;7,4,[1],[1],[1]
2;79;7;2;394.00;7,9,[3],[3],[3],6,5,2
2;130;11;9;451.00;11,8,2,[5],[5],[5],6,3,9
2;81;7;4;275.00;7,[4],[4],[4]
2;82;7;5;368.00;7,9,3,6,[5],[5],[5]
2;83;7;6;314.00;7,9,[3],[3],[3],6
2;84;7;8;464.00;7,9,3,6,[5],[5],[5],2,8
2;85;7;9;122.00;7,[9],[9],[9]
2;86;7;10;208.00;7,9,[10],[10],[10]
2;87;7;11;476.00;7,4,[1],[1],[1],11
2;88;8;0;194.00;8,[11],[11],[11],1,0
2;89;8;1;193.00;8,11,[1],[1],[1]
2;90;8;2;202.00;8,[11],[11],[11],8,2
2;91;8;3;299.00;8,2,[5],[5],[5],6,3
2;92;8;4;310.00;8,11,1,[4],[4],[4]
2;93;8;5;182.00;8,2,[5],[5],[5]
2;116;10;6;530.00;10,[9],[10],[10],3,6
2;128;11;7;476.00;11,[1],[1],[1],4,7
2;96;8;9;428.00;8,2,5,6,3,[9],[9],[9]
2;97;8;10;508.00;8,2,[5],[5],[5],6,3,10
2;98;8;11;109.00;8,[11],[11],[11]
2;99;9;0;391.00;[9],[9],[9],3,6,5,1,0
2;100;9;1;390.00;9,3,6,[5],[5],[5],1
2;101;9;2;358.00;[9],[9],[9],3,6,5,2
2;102;9;3;215.00;[9],[9],[9],3
2;103;9;4;311.00;9,7,[4],[4],[4]
2;104;9;5;332.00;9,[3],[3],[3],6,5
2;105;9;6;278.00;9,[3],[3],[3],6
2;106;9;7;122.00;[9],[9],[9],7
2;107;9;8;428.00;[9],[9],[9],3,6,5,2,8
2;108;9;10;172.00;[9],[9],[9],10
2;109;9;11;451.00;9,3,6,[5],[5],[5],2,8,11
2;110;10;0;471.00;10,3,6,5,[1],[1],[1],0
2;111;10;1;470.00;10,3,6,5,[1],[1],[1]
2;112;10;2;438.00;10,[3],[3],[3],6,5,2
2;113;10;3;295.00;[10],[10],[10],3
2;114;10;4;397.00;10,[9],[9],[9],7,4
2;115;10;5;412.00;10,3,6,[5],[5],[5]
2;129;11;8;109.00;[11],[11],[11],8
2;117;10;7;208.00;[10],[10],[10],9,7
2;118;10;8;508.00;10,3,6,[5],[5],[5],2,8
2;119;10;9;172.00;[10],[10],[10],9
2;120;10;11;531.00;10,[3],[3],[3],6,5,2,8,11
2;121;11;0;171.00;[11],[11],[11],1,0
2;122;11;1;170.00;[11],[11],[11],1
2;123;11;2;179.00;[11],[11],[11],8,2
2;124;11;3;322.00;11,8,2,[5],[5],[5],6,3
2;125;11;4;287.00;[11],[11],[11],1,4
2;126;11;5;205.00;11,8,2,[5],[5],[5]
2;127;11;6;259.00;[11],[11],[11],8,2,5,6
2;95;8;7;499.00;8,11,1,[4],[4],[4],7
2;80;7;3;417.00;7,[9],[9],[10],3
2;94;8;6;305.00;8,11,[1],[1],[5],6
2;25;2;4;640.00;2,5,6,[3],[9],[3],6,4
3;47;4;3;239.00;4,6,[3],[3],[3]
3;11;1;0;87.00;[1],[1],[1],0
3;74;6;9;278.00;6,[3],[3],[3],9
3;120;10;11;531.00;10,3,6,[5],[5],[5],2,8,11
3;84;7;8;464.00;7,[9],[3],6,[5],2,8
3;114;10;4;397.00;10,[9],[9],7,[4]
3;51;4;8;310.00;[4],[1],[11],8
3;91;8;3;299.00;8,2,5,6,[3],[3],[3]
3;119;10;9;172.00;10,[9],[9],[9]
3;93;8;5;228.00;8,[11],[11],[11],8,2,5
3;23;2;1;170.00;2,[5],[1],[1]
3;70;6;4;302.00;6,[3],[3],[3],6,4
3;116;10;6;358.00;10,[3],[3],[3],6
3;81;7;4;347.00;7,[9],[9],[9],7,4
3;82;7;5;368.00;7,[9],[9],[3],6,5
3;97;8;10;508.00;8,2,[5],[5],6,[3],10
3;52;4;9;311.00;[4],7,[9],[9]
3;28;2;7;476.00;2,5,[1],[1],[4],7
3;130;11;9;474.00;11,1,[5],6,[3],[9]
3;37;3;5;203.00;[3],[3],6,[5]
3;21;1;11;170.00;[1],[1],[11]
3;1;0;2;171.00;0,[1],[1],[1],5,2
3;75;6;10;358.00;6,[3],[3],[3],10
3;105;9;6;278.00;9,[3],[3],[3],6
3;14;1;4;203.00;[1],[1],[1],4
3;3;0;4;204.00;0,[1],[1],[1],4
3;41;3;9;215.00;3,[9],[9],[9]
3;113;10;3;295.00;10,[3],[3],[3]
3;56;5;1;144.00;[5],[5],[1]
3;0;0;1;87.00;0,[1],[1],[1]
3;24;2;3;229.00;2,[5],6,[3],[3]
3;86;7;10;208.00;7,[9],[9],[9],10
3;72;6;7;314.00;6,[3],[9],[9],7
3;15;1;5;144.00;[1],[1],[5]
3;45;4;1;203.00;4,[1],[1],[1]
3;108;9;10;172.00;[9],[9],[9],10
3;71;6;5;140.00;6,[5],[5],[5]
3;121;11;0;171.00;[11],[11],[11],1,0
3;29;2;8;208.00;2,[5],[5],[5],2,8
3;96;8;9;428.00;8,2,[5],6,3,[9],[9]
3;89;8;1;193.00;8,11,[1],[1],[1]
3;53;4;10;448.00;4,6,[3],[3],[3],10
3;124;11;3;345.00;11,[1],[5],6,[3]
3;80;7;3;251.00;7,9,[3],[3],[3]
3;83;7;6;314.00;7,[9],[9],[9],3,6
3;66;6;0;199.00;6,[5],[1],[1],0
3;103;9;4;311.00;[9],[9],[9],7,4
3;68;6;2;166.00;6,[5],[5],[5],2
3;87;7;11;476.00;7,4,1,[11],[11],[11]
3;131;11;10;554.00;[11],[1],5,6,[3],10
3;125;11;4;287.00;[11],[11],[1],4
3;40;3;8;299.00;[3],[3],[3],6,5,2,8
3;17;1;7;464.00;1,[4],7,[9],[9],7
3;64;5;10;412.00;[5],[5],6,[3],10
3;30;2;9;358.00;2,[5],[5],6,[3],9
3;34;3;1;261.00;[3],6,[5],[1]
3;13;1;3;261.00;[1],[1],[1],5,6,3
3;65;5;11;205.00;[5],[5],[5],2,8,11
3;69;6;3;149.00;6,[3],[3],[3]
3;110;10;0;471.00;10,[3],[3],[3],6,5,1,0
3;16;1;6;198.00;[1],[1],[5],6
3;9;0;10;587.00;0,[1],[5],[1],5,6,3,10
3;27;2;6;166.00;2,[5],[5],[5],6
3;106;9;7;122.00;[9],[9],[9],7
3;112;10;2;438.00;10,[3],[3],6,[5],2
3;25;2;4;380.00;2,8,[11],[11],[11],1,4
3;31;2;10;438.00;2,[5],[5],[5],6,3,10
3;7;0;8;194.00;0,[1],[11],[11],8
3;10;0;11;171.00;0,[1],[1],[1],11
3;126;11;5;205.00;[11],[11],[11],8,2,5
3;35;3;2;229.00;[3],6,[5],[5],2
3;88;8;0;194.00;8,[11],[11],[11],1,0
3;44;4;0;204.00;[4],[1],[1],0
3;55;5;0;145.00;[5],[5],[1],0
3;49;4;6;302.00;4,6,[3],[3],[3],6
3;38;3;6;149.00;[3],[3],[3],6
3;129;11;8;109.00;[11],[11],[11],8
3;101;9;2;358.00;9,[3],[3],[3],6,5,2
3;22;2;0;171.00;2,5,[1],[1],[1],0
3;36;3;4;239.00;[3],[3],[3],6,4
3;92;8;4;310.00;8,[11],[11],[11],1,4
3;128;11;7;510.00;11,[1],5,6,3,[9],[9],7
3;90;8;2;202.00;8,[11],[11],[11],8,2
3;43;3;11;322.00;[3],[3],[3],6,5,2,8,11
3;76;6;11;282.00;6,[5],[5],[5],1,11
3;117;10;7;208.00;10,[9],[9],[9],7
3;73;6;8;305.00;6,[5],[1],[11],8
3;63;5;9;332.00;[5],6,[3],[3],9
3;39;3;7;251.00;[3],[3],[9],7
3;115;10;5;412.00;10,[3],[3],[3],6,5
3;100;9;1;390.00;[9],[3],[3],6,5,1
3;99;9;0;391.00;[9],[9],3,6,5,[1],0
3;60;5;6;140.00;[5],[5],[5],6
3;4;0;5;145.00;0,1,[5],[5],[5]
3;32;2;11;179.00;2,8,[11],[11],[11]
3;118;10;8;514.00;10,[9],[3],[3],6,5,2,8
3;42;3;10;295.00;[3],[3],[3],10
3;46;4;2;287.00;[4],1,[5],[5],2
3;61;5;7;368.00;5,6,[3],[3],[3],9,7
3;98;8;11;109.00;8,[11],[11],[11]
3;48;4;5;261.00;[4],[1],[1],5
3;102;9;3;215.00;[9],[9],[9],3
3;123;11;2;179.00;[11],[11],[11],8,2
3;19;1;9;390.00;1,[5],[5],6,3,[9]
3;62;5;8;182.00;[5],[5],[5],2,8
3;12;1;2;263.00;[1],[11],[11],8,2
3;79;7;2;394.00;7,9,[3],[3],[3],6,5,2
3;26;2;5;112.00;2,[5],[5],[5]
3;77;7;0;427.00;7,[9],[9],[3],6,5,1,0
3;58;5;3;203.00;[5],[5],6,[3]
3;20;1;10;470.00;[1],[5],6,[3],10
3;59;5;4;230.00;[5],[5],6,[4]
3;6;0;7;509.00;0,1,[5],[5],[1],4,7
3;67;6;1;198.00;6,[5],[5],[1]
3;33;3;0;262.00;[3],[3],6,[5],1,0
3;2;0;3;262.00;0,[1],[1],[5],6,3
3;107;9;8;428.00;9,[3],[3],[3],6,5,2,8
3;127;11;6;282.00;[11],[11],1,[5],6
3;122;11;1;170.00;[11],[11],[11],1
3;8;0;9;391.00;0,[1],5,6,3,[9],[9]
3;5;0;6;199.00;0,[1],[5],[5],6
3;104;9;5;332.00;[9],[9],[9],3,6,5
3;95;8;7;499.00;8,[11],[11],[1],4,7
3;111;10;1;470.00;10,[3],[3],[3],6,5,1
3;54;4;11;372.00;4,6,[5],[5],[1],11
3;57;5;2;112.00;[5],[5],[5],2
3;85;7;9;122.00;7,[9],[9],[9]
3;109;9;11;474.00;9,[3],[3],6,5,[1],11
3;50;4;7;347.00;4,7,[9],[9],[9],7
3;78;7;1;426.00;7,9,[3],[3],6,[5],1
3;94;8;6;305.00;8,[11],[11],[1],5,6
3;18;1;8;193.00;[1],[11],[11],8
4;47;4;3;239.00;4,6,[3],[3],[3]
4;11;1;0;87.00;[1],[1],[1],0
4;74;6;9;278.00;6,[3],[3],[3],9
4;120;10;11;531.00;10,3,6,[5],[5],[5],2,8,11
4;84;7;8;464.00;7,[9],[3],6,[5],2,8
4;49;4;6;302.00;4,6,[3],[3],[3],6
4;51;4;8;310.00;[4],[1],[11],8
4;91;8;3;299.00;8,2,5,6,[3],[3],[3]
4;119;10;9;172.00;10,[9],[9],[9]
4;85;7;9;122.00;7,[9],[9],[9]
4;100;9;1;390.00;[9],[9],[9],3,6,5,1
4;70;6;4;302.00;6,[3],[3],[3],6,4
4;116;10;6;358.00;10,[3],[3],[3],6
4;81;7;4;347.00;7,[9],[9],[9],7,4
4;82;7;5;368.00;7,[9],[9],[3],6,5
4;0;0;1;87.00;0,[1],[1],[1]
4;52;4;9;311.00;[4],7,[9],[9]
4;78;7;1;426.00;7,9,[3],[3],6,[5],1
4;130;11;9;474.00;11,1,[5],6,[3],[9]
4;37;3;5;203.00;[3],[3],6,[5]
4;21;1;11;170.00;[1],[1],[11]
4;23;2;1;170.00;2,[5],[1],[1]
4;75;6;10;358.00;6,[3],[3],[3],10
4;93;8;5;251.00;8,[11],[1],[1],5
4;14;1;4;203.00;[1],[1],[1],4
4;118;10;8;514.00;10,[9],[3],[3],6,5,2,8
4;41;3;9;215.00;3,[9],[9],[9]
4;113;10;3;295.00;10,[3],[3],[3]
4;3;0;4;204.00;0,[1],[1],[1],4
4;10;0;11;171.00;0,[1],[1],[1],11
4;24;2;3;229.00;2,[5],6,[3],[3]
4;86;7;10;208.00;7,[9],[9],[9],10
4;72;6;7;314.00;6,[3],[9],[9],7
4;97;8;10;508.00;8,2,[5],6,[3],[3],10
4;45;4;1;203.00;4,[1],[1],[1]
4;108;9;10;172.00;[9],[9],[9],10
4;71;6;5;140.00;6,[5],[5],[5]
4;9;0;10;682.00;0,[1],[5],1,[4],6,3,10
4;29;2;8;208.00;2,[5],[5],[5],2,8
4;96;8;9;428.00;8,2,[5],6,3,[9],[9]
4;89;8;1;193.00;8,11,[1],[1],[1]
4;53;4;10;448.00;4,6,[3],[3],[3],10
4;124;11;3;345.00;11,[1],[5],6,[3]
4;80;7;3;251.00;7,9,[3],[3],[3]
4;83;7;6;314.00;7,[9],[9],[9],3,6
4;66;6;0;199.00;6,[5],[1],[1],0
4;56;5;1;144.00;[5],[5],[5],1
4;68;6;2;166.00;6,[5],[5],[5],2
4;87;7;11;476.00;7,4,1,[11],[11],[11]
4;131;11;10;554.00;[11],[1],5,6,[3],10
4;125;11;4;287.00;[11],[11],[1],4
4;40;3;8;299.00;[3],[3],[3],6,5,2,8
4;28;2;7;394.00;2,5,6,[3],[3],[3],9,7
4;64;5;10;412.00;[5],[5],6,[3],10
4;98;8;11;109.00;8,[11],[11],[11]
4;34;3;1;261.00;[3],6,[5],[1]
4;13;1;3;261.00;[1],[1],[1],5,6,3
4;65;5;11;205.00;[5],[5],[5],2,8,11
4;69;6;3;149.00;6,[3],[3],[3]
4;117;10;7;208.00;10,[9],[9],[9],7
4;16;1;6;198.00;[1],[1],[5],6
4;18;1;8;193.00;1,[11],[11],[11],8
4;27;2;6;166.00;2,[5],[5],[5],6
4;115;10;5;412.00;10,[3],[3],[3],6,5
4;92;8;4;310.00;8,[11],[11],[11],1,4
4;25;2;4;380.00;2,8,[11],[11],[11],1,4
4;104;9;5;332.00;[9],[9],[9],3,6,5
4;7;0;8;194.00;0,[1],[11],[11],8
4;105;9;6;278.00;[9],[9],[9],3,6
4;126;11;5;205.00;[11],[11],[11],8,2,5
4;35;3;2;229.00;[3],6,[5],[5],2
4;88;8;0;194.00;8,[11],[11],[11],1,0
4;44;4;0;204.00;[4],[1],[1],0
4;55;5;0;145.00;[5],[5],[1],0
4;1;0;2;171.00;0,[1],[1],[1],5,2
4;38;3;6;149.00;[3],[3],[3],6
4;129;11;8;109.00;[11],[11],[11],8
4;101;9;2;358.00;9,[3],[3],[3],6,5,2
4;22;2;0;171.00;2,5,[1],[1],[1],0
4;36;3;4;239.00;[3],[3],[3],6,4
4;109;9;11;474.00;[9],[3],6,5,[1],11
4;128;11;7;510.00;11,[1],5,6,3,[9],[9],7
4;90;8;2;202.00;8,[11],[11],[11],8,2
4;43;3;11;322.00;[3],[3],[3],6,5,2,8,11
4;76;6;11;282.00;6,[5],[5],[5],1,11
4;95;8;7;499.00;8,[11],[11],[1],4,7
4;73;6;8;305.00;6,[5],[1],[11],8
4;63;5;9;332.00;[5],6,[3],[3],9
4;39;3;7;251.00;[3],[3],[9],7
4;106;9;7;122.00;[9],[9],[9],7
4;31;2;10;438.00;2,[5],[5],[5],6,3,10
4;99;9;0;391.00;[9],[9],3,6,5,[1],0
4;60;5;6;140.00;[5],[5],[5],6
4;4;0;5;145.00;0,1,[5],[5],[5]
4;32;2;11;179.00;2,8,[11],[11],[11]
4;30;2;9;358.00;2,[5],[5],6,[3],9
4;42;3;10;295.00;[3],[3],[3],10
4;46;4;2;287.00;[4],1,[5],[5],2
4;61;5;7;368.00;5,6,[3],[3],[3],9,7
4;58;5;3;203.00;5,6,[3],[3],[3]
4;48;4;5;261.00;[4],[1],[1],5
4;102;9;3;215.00;[9],[9],[9],3
4;123;11;2;179.00;[11],[11],[11],8,2
4;19;1;9;390.00;1,[5],[5],6,3,[9]
4;62;5;8;182.00;[5],[5],[5],2,8
4;12;1;2;263.00;[1],[11],[11],8,2
4;122;11;1;170.00;[11],[11],[1]
4;26;2;5;112.00;2,[5],[5],[5]
4;77;7;0;427.00;7,[9],[9],[3],6,5,1,0
4;121;11;0;171.00;[11],[11],[11],1,0
4;20;1;10;470.00;[1],[5],[5],6,3,10
4;59;5;4;230.00;[5],[5],6,[4]
4;6;0;7;509.00;0,1,[5],[5],[1],4,7
4;67;6;1;198.00;6,[5],[5],[1]
4;33;3;0;262.00;[3],[3],6,[5],1,0
4;2;0;3;262.00;0,[1],[1],[5],6,3
4;107;9;8;428.00;9,[3],[3],[3],6,5,2,8
4;127;11;6;282.00;[11],[11],1,[5],6
4;110;10;0;471.00;10,[3],[3],[3],6,5,1,0
4;8;0;9;391.00;0,[1],5,6,3,[9],[9]
4;5;0;6;199.00;0,[1],[5],[5],6
4;114;10;4;397.00;10,[9],[9],[9],7,4
4;79;7;2;394.00;7,9,[3],[3],[3],6,5,2
4;111;10;1;470.00;10,[3],[3],[3],6,5,1
4;54;4;11;372.00;4,6,[5],[5],[1],11
4;57;5;2;112.00;[5],[5],[5],2
4;112;10;2;438.00;10,[3],[3],6,[5],2
4;15;1;5;144.00;[1],[1],[1],5
4;50;4;7;347.00;4,7,[9],[9],[9],7
4;103;9;4;311.00;[9],[9],[9],7,4
4;94;8;6;305.00;8,[11],[11],[1],5,6
4;17;1;7;426.00;[1],[1],[5],6,3,9,7
5;47;4;3;239.00;4,6,[3],[3],[3]
5;70;6;4;302.00;6,[3],[3],[3],6,4
5;74;6;9;278.00;6,[3],[3],[3],9
5;120;10;11;531.00;10,3,6,[5],[5],[5],2,8,11
5;98;8;11;109.00;8,[11],[11],[11]
5;17;1;7;508.00;1,[5],[1],[1],4,7
5;51;4;8;310.00;[4],[1],[11],8
5;91;8;3;299.00;8,2,5,6,[3],[3],[3]
5;119;10;9;172.00;10,[9],[9],[9]
5;18;1;8;193.00;1,[11],[11],[11],8
5;9;0;10;471.00;0,[1],5,6,[3],[3],10
5;49;4;6;410.00;4,6,[3],[3],6,[5],6
5;116;10;6;358.00;10,[3],[3],[3],6
5;81;7;4;347.00;7,[9],[9],[9],7,4
5;82;7;5;368.00;7,[9],[9],[3],6,5
5;0;0;1;87.00;0,[1],[1],[1]
5;52;4;9;311.00;[4],7,[9],[9]
5;88;8;0;194.00;8,[11],[11],[11],1,0
5;100;9;1;390.00;[9],[9],[9],3,6,5,1
5;37;3;5;203.00;[3],[3],6,[5]
5;21;1;11;170.00;[1],[1],[11]
5;55;5;0;145.00;[5],[5],[1],0
5;75;6;10;358.00;6,[3],[3],[3],10
5;93;8;5;251.00;8,[11],[1],[1],5
5;14;1;4;203.00;[1],[1],[1],4
5;45;4;1;203.00;4,[1],[1],[1]
5;41;3;9;215.00;3,[9],[9],[9]
5;113;10;3;295.00;10,[3],[3],[3]
5;3;0;4;204.00;0,[1],[1],[1],4
5;10;0;11;171.00;0,[1],[1],[1],11
5;24;2;3;229.00;2,[5],6,[3],[3]
5;86;7;10;208.00;7,[9],[9],[9],10
5;72;6;7;314.00;6,[3],[9],[9],7
5;97;8;10;508.00;8,2,[5],6,[3],[3],10
5;84;7;8;464.00;7,[9],3,6,[5],[5],2,8
5;108;9;10;172.00;[9],[9],[9],10
5;71;6;5;140.00;6,[5],[5],[5]
5;23;2;1;170.00;2,[5],[1],[1]
5;29;2;8;208.00;2,[5],[5],[5],2,8
5;96;8;9;428.00;8,2,[5],6,3,[9],[9]
5;89;8;1;193.00;8,11,[1],[1],[1]
5;53;4;10;448.00;4,6,[3],[3],[3],10
5;124;11;3;345.00;11,[1],[5],6,[3]
5;80;7;3;251.00;7,9,[3],[3],[3]
5;83;7;6;314.00;7,[9],[9],[9],3,6
5;66;6;0;199.00;6,[5],[1],[1],0
5;56;5;1;144.00;[5],[5],[5],1
5;68;6;2;166.00;6,[5],[5],[5],2
5;87;7;11;476.00;7,4,1,[11],[11],[11]
5;131;11;10;554.00;[11],[1],5,6,[3],10
5;125;11;4;287.00;[11],[11],[1],4
5;40;3;8;299.00;[3],[3],[3],6,5,2,8
5;28;2;7;394.00;2,5,6,[3],[3],[3],9,7
5;64;5;10;412.00;[5],[5],6,[3],10
5;11;1;0;87.00;[1],[1],[1],0
5;34;3;1;261.00;[3],6,[5],[1]
5;13;1;3;261.00;[1],[1],[1],5,6,3
5;65;5;11;205.00;[5],[5],[5],2,8,11
5;69;6;3;149.00;6,[3],[3],[3]
5;117;10;7;208.00;10,[9],[9],[9],7
5;112;10;2;438.00;10,[3],[3],6,[5],2
5;4;0;5;145.00;0,[1],[5],[5]
5;27;2;6;166.00;2,[5],[5],[5],6
5;115;10;5;412.00;10,[3],[3],[3],6,5
5;92;8;4;310.00;8,[11],[11],[11],1,4
5;25;2;4;380.00;2,8,[11],[11],[11],1,4
5;104;9;5;332.00;[9],[9],[9],3,6,5
5;7;0;8;194.00;0,[1],[11],[11],8
5;105;9;6;278.00;[9],[9],[9],3,6
5;126;11;5;205.00;[11],[11],[11],8,2,5
5;35;3;2;229.00;[3],6,[5],[5],2
5;50;4;7;347.00;4,7,[9],[9],[9],7
5;44;4;0;204.00;[4],[1],[1],0
5;12;1;2;263.00;[1],[11],[11],8,2
5;1;0;2;171.00;0,[1],[1],[1],5,2
5;38;3;6;149.00;[3],[3],[3],6
5;129;11;8;109.00;[11],[11],[11],8
5;101;9;2;358.00;9,[3],[3],[3],6,5,2
5;22;2;0;171.00;2,5,[1],[1],[1],0
5;36;3;4;239.00;[3],[3],[3],6,4
5;109;9;11;474.00;[9],[3],6,5,[1],11
5;85;7;9;122.00;7,[9],[9],[9]
5;90;8;2;202.00;8,[11],[11],[11],8,2
5;43;3;11;322.00;[3],[3],[3],6,5,2,8,11
5;76;6;11;282.00;6,[5],[5],[5],1,11
5;95;8;7;499.00;8,[11],[11],[1],4,7
5;73;6;8;305.00;6,[5],[1],[11],8
5;63;5;9;332.00;[5],6,[3],[3],9
5;39;3;7;251.00;[3],[3],[9],7
5;106;9;7;122.00;[9],[9],[9],7
5;31;2;10;438.00;2,[5],[5],[5],6,3,10
5;99;9;0;391.00;[9],[9],3,6,5,[1],0
5;60;5;6;140.00;[5],[5],[5],6
5;16;1;6;198.00;[1],[1],[5],6
5;32;2;11;179.00;2,8,[11],[11],[11]
5;128;11;7;548.00;11,[1],[4],7,[9],7
5;42;3;10;295.00;[3],[3],[3],10
5;46;4;2;287.00;[4],1,[5],[5],2
5;61;5;7;368.00;5,6,[3],[3],[3],9,7
5;58;5;3;203.00;5,6,[3],[3],[3]
5;48;4;5;261.00;[4],[1],[1],5
5;102;9;3;215.00;[9],[9],[9],3
5;123;11;2;179.00;[11],[11],[11],8,2
5;19;1;9;390.00;1,[5],[5],6,3,[9]
5;62;5;8;182.00;[5],[5],[5],2,8
5;30;2;9;358.00;2,[5],[5],6,[3],9
5;122;11;1;170.00;[11],[11],[1]
5;26;2;5;112.00;2,[5],[5],[5]
5;77;7;0;427.00;7,[9],[9],[3],6,5,1,0
5;121;11;0;171.00;[11],[11],[11],1,0
5;20;1;10;470.00;[1],[5],[5],6,3,10
5;59;5;4;230.00;[5],[5],6,[4]
5;6;0;7;509.00;0,1,[5],[5],[1],4,7
5;67;6;1;198.00;6,[5],[5],[1]
5;33;3;0;262.00;[3],[3],6,[5],1,0
5;2;0;3;262.00;0,[1],[1],[5],6,3
5;107;9;8;428.00;9,[3],[3],[3],6,5,2,8
5;127;11;6;282.00;[11],[11],1,[5],6
5;110;10;0;471.00;10,[3],[3],[3],6,5,1,0
5;8;0;9;391.00;0,[1],5,6,3,[9],[9]
5;5;0;6;199.00;0,[1],[5],[5],6
5;114;10;4;397.00;10,[9],[9],[9],7,4
5;79;7;2;394.00;7,9,[3],[3],[3],6,5,2
5;111;10;1;470.00;10,[3],[3],[3],6,5,1
5;54;4;11;372.00;4,6,[5],[5],[1],11
5;57;5;2;112.00;[5],[5],[5],2
5;118;10;8;514.00;10,[9],[3],[3],6,5,2,8
5;15;1;5;144.00;[1],[1],[1],5
5;78;7;1;426.00;7,9,[3],[3],6,[5],1
5;103;9;4;311.00;[9],[9],[9],7,4
5;94;8;6;305.00;8,[11],[11],[1],5,6
5;130;11;9;474.00;11,1,[5],6,[3],[9]
6;96;8;9;428.00;8,2,[5],[5],[5],6,3,9
6;57;5;2;112.00;[5],[5],[5],2
6;77;7;0;427.00;7,[9],[3],[3],6,5,1,0
6;120;10;11;531.00;10,[3],[3],6,[5],2,8,11
6;108;9;10;172.00;[9],[9],[9],10
6;34;3;1;261.00;[3],6,[5],[1]
6;52;4;9;368.00;[4],6,[3],[9]
6;91;8;3;299.00;8,2,5,6,[3],[3],[3]
6;119;10;9;172.00;10,[9],[9],[9]
6;64;5;10;412.00;[5],[5],6,[3],10
6;9;0;10;471.00;0,[1],5,6,[3],[3],10
6;130;11;9;569.00;11,1,[4],6,[3],[9]
6;116;10;6;358.00;10,[3],[3],[3],6
6;7;0;8;194.00;0,[1],[1],[11],8
6;37;3;5;203.00;[3],[3],6,[5]
6;4;0;5;145.00;0,[1],[5],[5]
6;125;11;4;403.00;[11],[11],1,[5],1,4
6;18;1;8;193.00;[1],[11],[11],8
6;128;11;7;548.00;11,[1],4,7,[9],[9],7
6;93;8;5;251.00;8,[11],[1],[1],5
6;45;4;1;203.00;4,[1],[1],[1]
6;107;9;8;428.00;[9],[9],[3],6,5,2,8
6;75;6;10;358.00;6,[3],[3],[3],10
6;67;6;1;198.00;6,[5],[5],[1]
6;14;1;4;203.00;[1],[1],[1],4
6;111;10;1;470.00;10,[3],[3],[3],6,5,1
6;25;2;4;380.00;2,8,[11],[11],[11],1,4
6;74;6;9;278.00;6,[3],[3],[9]
6;3;0;4;204.00;0,[1],[1],[1],4
6;8;0;9;429.00;0,[1],[4],7,[9]
6;100;9;1;390.00;[9],[9],[3],6,5,1
6;11;1;0;87.00;[1],[1],[1],0
6;72;6;7;314.00;6,[3],[9],[9],7
6;49;4;6;302.00;4,6,[3],[3],[3],6
6;42;3;10;295.00;[3],[3],[3],10
6;112;10;2;438.00;10,[3],6,[5],[5],2
6;71;6;5;140.00;6,[5],[5],[5]
6;23;2;1;170.00;2,[5],[1],[1]
6;21;1;11;170.00;[1],[1],[1],11
6;61;5;7;368.00;[5],[5],[5],6,3,9,7
6;89;8;1;193.00;8,11,[1],[1],[1]
6;38;3;6;149.00;[3],[3],[3],6
6;95;8;7;499.00;8,[11],[11],[1],4,7
6;123;11;2;179.00;[11],[11],[11],8,2
6;51;4;8;310.00;4,1,[11],[11],[11],8
6;66;6;0;199.00;6,[5],[1],[1],0
6;115;10;5;412.00;10,[3],[3],[3],6,5
6;126;11;5;205.00;[11],[11],8,2,[5]
6;122;11;1;170.00;[11],[11],[1]
6;131;11;10;554.00;[11],[1],5,6,[3],10
6;114;10;4;397.00;10,[9],[9],[9],7,4
6;40;3;8;299.00;[3],[3],[3],6,5,2,8
6;90;8;2;202.00;8,[11],[11],[11],8,2
6;12;1;2;263.00;[1],[11],[11],8,2
6;117;10;7;208.00;10,[9],[9],[9],7
6;50;4;7;347.00;[4],7,[9],[9],7
6;13;1;3;261.00;[1],[1],[1],5,6,3
6;80;7;3;251.00;7,[9],[3],[3]
6;69;6;3;149.00;6,[3],[3],[3]
6;63;5;9;332.00;[5],6,[3],[9]
6;53;4;10;448.00;4,6,[3],[3],[3],10
6;110;10;0;471.00;10,[3],[3],[3],6,5,1,0
6;16;1;6;198.00;[1],[1],[5],6
6;82;7;5;368.00;7,[9],[3],[3],6,5
6;92;8;4;310.00;8,[11],[11],[11],1,4
6;41;3;9;215.00;3,[9],[9],[9]
6;43;3;11;345.00;[3],6,[5],1,[11]
6;85;7;9;122.00;7,[9],[9],[9]
6;105;9;6;278.00;[9],[9],[9],3,6
6;84;7;8;464.00;7,[9],[3],[3],6,5,2,8
6;35;3;2;229.00;[3],6,[5],[5],2
6;17;1;7;426.00;1,[5],6,[3],[3],9,7
6;79;7;2;394.00;7,[9],[9],[3],6,5,2
6;65;5;11;228.00;[5],1,[11],[11]
6;22;2;0;171.00;2,5,[1],[1],[1],0
6;29;2;8;208.00;2,[5],[5],[5],2,8
6;129;11;8;109.00;[11],[11],[11],8
6;101;9;2;358.00;9,[3],[3],[3],6,5,2
6;39;3;7;251.00;[3],[3],[9],7
6;36;3;4;239.00;[3],[3],[3],6,4
6;109;9;11;474.00;[9],[3],6,5,[1],11
6;97;8;10;508.00;8,2,[5],6,[3],[3],10
6;81;7;4;347.00;7,[9],[9],[9],7,4
6;24;2;3;229.00;2,[5],[5],[5],6,3
6;76;6;11;282.00;6,[5],[5],[5],1,11
6;88;8;0;194.00;8,[11],[11],[11],1,0
6;2;0;3;262.00;0,[1],[1],[5],6,3
6;86;7;10;208.00;7,[9],[9],[9],10
6;0;0;1;87.00;0,[1],[1],[1]
6;106;9;7;122.00;[9],[9],[9],7
6;46;4;2;287.00;4,1,[5],[5],[5],2
6;99;9;0;391.00;[9],[9],3,6,5,[1],0
6;10;0;11;171.00;0,[1],[1],[1],11
6;113;10;3;295.00;10,[3],[3],[3]
6;73;6;8;305.00;6,5,[1],[1],[11],8
6;55;5;0;145.00;[5],[5],[1],0
6;102;9;3;215.00;[9],[9],[3]
6;118;10;8;514.00;10,[9],[3],[3],6,5,2,8
6;5;0;6;199.00;0,[1],[1],[1],5,6
6;58;5;3;203.00;5,6,[3],[3],[3]
6;48;4;5;261.00;[4],[1],[1],5
6;30;2;9;358.00;2,[5],[5],[5],6,3,9
6;28;2;7;445.00;2,[5],[5],6,[4],7
6;78;7;1;426.00;7,9,[3],[3],6,[5],1
6;47;4;3;239.00;4,6,[3],[3],[3]
6;87;7;11;476.00;7,[4],1,[11],[11]
6;94;8;6;305.00;8,[11],[11],1,[5],6
6;26;2;5;112.00;2,[5],[5],[5]
6;60;5;6;140.00;[5],[5],[5],6
6;124;11;3;345.00;11,[1],[5],6,[3]
6;20;1;10;470.00;[1],[5],[5],6,3,10
6;59;5;4;230.00;[5],[5],6,[4]
6;6;0;7;509.00;0,1,[5],[5],[1],4,7
6;62;5;8;182.00;[5],[5],[5],2,8
6;121;11;0;171.00;[11],[11],[11],1,0
6;27;2;6;166.00;2,[5],[5],[5],6
6;33;3;0;262.00;[3],[3],6,5,[1],0
6;56;5;1;144.00;[5],[5],[5],1
6;103;9;4;311.00;[9],[9],[9],7,4
6;70;6;4;302.00;6,[3],[3],[3],6,4
6;44;4;0;204.00;[4],[1],[1],0
6;98;8;11;109.00;8,[11],[11],[11]
6;19;1;9;390.00;[1],[5],6,3,[9]
6;31;2;10;438.00;2,[5],[5],[5],6,3,10
6;54;4;11;372.00;4,6,[5],[5],[1],11
6;104;9;5;332.00;[9],[9],[9],3,6,5
6;83;7;6;314.00;7,9,[3],[3],[3],6
6;15;1;5;144.00;[1],[1],[1],5
6;68;6;2;166.00;6,[5],[5],[5],2
6;32;2;11;179.00;2,8,[11],[11],[11]
6;1;0;2;171.00;0,[1],[1],[1],5,2
6;127;11;6;282.00;[11],[11],1,[5],6
7;47;4;3;239.00;4,6,[3],[3],[3]
7;70;6;4;302.00;6,[3],[3],[3],6,4
7;74;6;9;278.00;6,[3],[3],[3],9
7;120;10;11;531.00;10,3,6,[5],[5],[5],2,8,11
7;25;2;4;380.00;2,8,[11],[11],[11],1,4
7;17;1;7;508.00;1,[5],[1],[1],4,7
7;51;4;8;310.00;[4],[1],[11],8
7;91;8;3;299.00;8,2,5,6,[3],[3],[3]
7;119;10;9;172.00;10,[9],[9],[9]
7;18;1;8;193.00;1,[11],[11],[11],8
7;9;0;10;471.00;0,[1],5,6,[3],[3],10
7;49;4;6;410.00;4,6,[3],[3],6,[5],6
7;116;10;6;358.00;10,[3],[3],[3],6
7;81;7;4;347.00;7,[9],[9],[9],7,4
7;82;7;5;368.00;7,[9],[9],[3],6,5
7;0;0;1;87.00;0,[1],[1],[1]
7;52;4;9;311.00;[4],7,[9],[9]
7;88;8;0;194.00;8,[11],[11],[11],1,0
7;100;9;1;390.00;[9],[9],[9],3,6,5,1
7;37;3;5;203.00;[3],[3],6,[5]
7;21;1;11;170.00;[1],[1],[11]
7;55;5;0;145.00;[5],[5],[1],0
7;75;6;10;358.00;6,[3],[3],[3],10
7;93;8;5;251.00;8,[11],[1],[1],5
7;14;1;4;203.00;[1],[1],[1],4
7;45;4;1;203.00;4,[1],[1],[1]
7;41;3;9;215.00;3,[9],[9],[9]
7;113;10;3;295.00;10,[3],[3],[3]
7;3;0;4;204.00;0,[1],[1],[1],4
7;10;0;11;171.00;0,[1],[1],[1],11
7;97;8;10;508.00;8,2,[5],6,[3],[3],10
7;86;7;10;208.00;7,[9],[9],[9],10
7;72;6;7;314.00;6,[3],[9],[9],7
7;98;8;11;109.00;8,[11],[11],[11]
7;104;9;5;332.00;[9],[9],[9],3,6,5
7;108;9;10;172.00;[9],[9],[9],10
7;71;6;5;140.00;6,[5],[5],[5]
7;23;2;1;170.00;2,[5],[1],[1]
7;29;2;8;208.00;2,[5],[5],[5],2,8
7;78;7;1;426.00;7,9,[3],[3],6,[5],1
7;89;8;1;193.00;8,11,[1],[1],[1]
7;19;1;9;390.00;[1],[1],5,6,3,[9]
7;124;11;3;345.00;11,[1],[5],6,[3]
7;80;7;3;251.00;7,9,[3],[3],[3]
7;83;7;6;314.00;7,[9],[9],[9],3,6
7;66;6;0;199.00;6,[5],[1],[1],0
7;65;5;11;205.00;[5],[5],2,8,[11]
7;68;6;2;166.00;6,[5],[5],[5],2
7;96;8;9;428.00;8,2,[5],6,[3],[9]
7;131;11;10;554.00;[11],[1],5,6,[3],10
7;125;11;4;287.00;[11],[11],[1],4
7;40;3;8;299.00;[3],[3],[3],6,5,2,8
7;28;2;7;394.00;2,5,6,[3],[3],[3],9,7
7;64;5;10;412.00;[5],[5],6,[3],10
7;11;1;0;87.00;[1],[1],[1],0
7;34;3;1;261.00;[3],6,[5],[1]
7;13;1;3;261.00;[1],[1],[1],5,6,3
7;84;7;8;464.00;7,[9],[3],[3],6,5,2,8
7;69;6;3;149.00;6,[3],[3],[3]
7;112;10;2;438.00;10,[3],[3],6,[5],2
7;53;4;10;448.00;4,6,[3],[3],[3],10
7;4;0;5;145.00;0,[1],[5],[5]
7;27;2;6;166.00;2,[5],[5],[5],6
7;110;10;0;471.00;10,[3],[3],[3],6,5,1,0
7;92;8;4;310.00;8,[11],[11],[11],1,4
7;42;3;10;295.00;[3],[3],[3],10
7;43;3;11;345.00;[3],6,[5],1,[11]
7;7;0;8;194.00;0,[1],[11],[11],8
7;105;9;6;278.00;[9],[9],[9],3,6
7;126;11;5;205.00;[11],[11],[11],8,2,5
7;35;3;2;229.00;[3],6,[5],[5],2
7;50;4;7;347.00;4,7,[9],[9],[9],7
7;44;4;0;204.00;[4],[1],[1],0
7;12;1;2;263.00;[1],[11],[11],8,2
7;1;0;2;171.00;0,[1],[1],[1],5,2
7;38;3;6;149.00;[3],[3],[3],6
7;129;11;8;109.00;[11],[11],[11],8
7;101;9;2;358.00;9,[3],[3],[3],6,5,2
7;22;2;0;171.00;2,5,[1],[1],[1],0
7;36;3;4;239.00;[3],[3],[3],6,4
7;109;9;11;474.00;[9],[3],6,5,[1],11
7;85;7;9;122.00;7,[9],[9],[9]
7;90;8;2;202.00;8,[11],[11],[11],8,2
7;79;7;2;394.00;7,9,[3],[3],[3],6,5,2
7;76;6;11;282.00;6,[5],[5],[5],1,11
7;95;8;7;499.00;8,[11],[11],[1],4,7
7;73;6;8;305.00;6,[5],[1],[11],8
7;63;5;9;332.00;[5],6,[3],[3],9
7;39;3;7;251.00;[3],[3],[9],7
7;106;9;7;122.00;[9],[9],[9],7
7;31;2;10;438.00;2,[5],[5],[5],6,3,10
7;99;9;0;391.00;[9],[9],3,6,5,[1],0
7;60;5;6;140.00;[5],[5],[5],6
7;16;1;6;198.00;[1],[1],[5],6
7;117;10;7;208.00;10,[9],[9],[9],7
7;128;11;7;548.00;11,[1],[4],7,[9],7
7;30;2;9;358.00;2,[5],[5],[5],6,3,9
7;46;4;2;287.00;[4],1,[5],[5],2
7;61;5;7;368.00;5,6,[3],[3],[3],9,7
7;58;5;3;203.00;5,6,[3],[3],[3]
7;48;4;5;261.00;[4],[1],[1],5
7;102;9;3;215.00;[9],[9],[9],3
7;123;11;2;179.00;[11],[11],[11],8,2
7;130;11;9;569.00;11,1,[4],6,[3],[9]
7;62;5;8;182.00;[5],[5],[5],2,8
7;115;10;5;412.00;10,[3],[3],[3],6,5
7;122;11;1;170.00;[11],[11],[1]
7;26;2;5;112.00;2,[5],[5],[5]
7;77;7;0;427.00;7,[9],[9],[3],6,5,1,0
7;121;11;0;171.00;[11],[11],[11],1,0
7;20;1;10;470.00;[1],[5],[5],6,3,10
7;59;5;4;230.00;[5],[5],6,[4]
7;6;0;7;509.00;0,1,[5],[5],[1],4,7
7;67;6;1;198.00;6,[5],[5],[1]
7;33;3;0;262.00;[3],[3],6,[5],1,0
7;2;0;3;262.00;0,[1],[1],[5],6,3
7;107;9;8;428.00;9,[3],[3],[3],6,5,2,8
7;127;11;6;282.00;[11],[11],1,[5],6
7;103;9;4;311.00;[9],[9],[9],7,4
7;8;0;9;391.00;0,[1],5,6,3,[9],[9]
7;5;0;6;199.00;0,[1],[5],[5],6
7;114;10;4;397.00;10,[9],[9],[9],7,4
7;111;10;1;470.00;10,[3],[3],[3],6,5,1
7;56;5;1;144.00;[5],[5],[5],1
7;54;4;11;372.00;4,6,[5],[5],[1],11
7;57;5;2;112.00;[5],[5],[5],2
7;118;10;8;514.00;10,[9],[3],[3],6,5,2,8
7;15;1;5;144.00;[1],[1],[1],5
7;32;2;11;179.00;2,8,[11],[11],[11]
7;24;2;3;229.00;2,[5],[5],[5],6,3
7;94;8;6;305.00;8,[11],[11],[1],5,6
7;87;7;11;476.00;7,4,1,[11],[11],[11]
8;63;5;9;332.00;[5],6,[3],[9]
8;4;0;5;145.00;0,[1],[1],[5]
8;128;11;7;548.00;11,[1],4,7,[9],[9],7
8;104;9;5;332.00;[9],[3],6,[5]
8;40;3;8;299.00;[3],[3],[3],6,5,2,8
8;59;5;4;230.00;[5],[5],6,[4]
8;126;11;5;205.00;[11],[11],8,2,[5]
8;91;8;3;299.00;8,2,5,6,[3],[3],[3]
8;15;1;5;144.00;1,[5],[5],[5]
8;66;6;0;199.00;6,[5],[1],[1],0
8;9;0;10;471.00;0,[1],5,6,[3],[3],10
8;50;4;7;347.00;[4],7,[9],[9],7
8;96;8;9;428.00;8,2,5,6,3,[9],[9],[9]
8;2;0;3;262.00;0,[1],[5],[5],6,3
8;62;5;8;251.00;[5],[5],1,[11],8
8;67;6;1;198.00;6,[5],[5],[1]
8;127;11;6;259.00;[11],[11],[11],8,2,5,6
8;18;1;8;193.00;[1],[11],[11],8
8;117;10;7;208.00;10,[9],[9],[9],7
8;49;4;6;302.00;4,6,[3],[3],[3],6
8;45;4;1;203.00;4,[1],[1],[1]
8;1;0;2;171.00;0,[1],[5],[5],2
8;75;6;10;358.00;6,[3],[3],[3],10
8;84;7;8;464.00;7,[9],[3],[3],6,5,2,8
8;14;1;4;203.00;[1],[1],[1],4
8;115;10;5;412.00;10,[3],[3],6,[5]
8;79;7;2;394.00;7,[9],[9],[3],6,5,2
8;74;6;9;278.00;6,[3],[3],[9]
8;85;7;9;122.00;7,[9],[9],[9]
8;80;7;3;251.00;7,[9],[3],[3]
8;52;4;9;368.00;4,6,[3],[3],[9]
8;47;4;3;239.00;4,6,[3],[3],[3]
8;21;1;11;286.00;1,[5],[1],[11]
8;37;3;5;203.00;[3],[3],[3],6,5
8;41;3;9;215.00;3,[9],[9],[9]
8;72;6;7;314.00;6,[3],[3],[9],7
8;71;6;5;140.00;6,[5],[5],[5]
8;129;11;8;109.00;[11],[11],[11],8
8;19;1;9;390.00;[1],5,6,[3],[9]
8;23;2;1;170.00;2,[5],[1],[1]
8;108;9;10;172.00;[9],[9],[9],10
8;105;9;6;278.00;[9],[9],[9],3,6
8;100;9;1;390.00;[9],[3],6,[5],1
8;31;2;10;438.00;2,[5],6,[3],[3],10
8;56;5;1;144.00;[5],[5],[1]
8;12;1;2;263.00;[1],[11],[11],8,2
8;81;7;4;347.00;7,[9],[9],[9],7,4
8;123;11;2;179.00;[11],[11],[11],8,2
8;43;3;11;345.00;[3],6,5,[1],[1],11
8;131;11;10;554.00;[11],[1],5,6,[3],10
8;7;0;8;194.00;0,1,[11],[11],[11],8
8;69;6;3;149.00;6,[3],[3],[3]
8;48;4;5;261.00;[4],[1],[1],5
8;65;5;11;228.00;[5],1,[11],[11]
8;112;10;2;438.00;10,[3],[3],6,[5],2
8;122;11;1;170.00;[11],[11],[11],1
8;6;0;7;509.00;0,1,[5],[1],[4],7
8;82;7;5;368.00;7,[9],[9],[3],6,5
8;24;2;3;229.00;2,[5],6,[3],[3]
8;60;5;6;140.00;[5],[5],[5],6
8;55;5;0;145.00;[5],[5],[1],0
8;35;3;2;229.00;[3],6,[5],[5],2
8;16;1;6;198.00;[1],[1],[5],6
8;130;11;9;474.00;11,[1],5,6,[3],[3],9
8;111;10;1;470.00;10,[3],[3],6,5,[1]
8;13;1;3;261.00;[1],[1],[1],5,6,3
8;125;11;4;287.00;[11],[11],[11],1,4
8;87;7;11;476.00;7,[4],[1],[11]
8;22;2;0;171.00;2,5,[1],[1],[1],0
8;113;10;3;295.00;10,[3],[3],[3]
8;51;4;8;310.00;4,1,[11],[11],[11],8
8;58;5;3;203.00;[5],6,[3],[3]
8;54;4;11;287.00;4,[1],[1],[1],11
8;61;5;7;368.00;[5],[5],[5],6,3,9,7
8;42;3;10;295.00;[3],[3],[3],10
8;29;2;8;208.00;2,[5],[5],[5],2,8
8;106;9;7;122.00;[9],[9],[9],7
8;77;7;0;427.00;7,9,[3],[3],[3],6,5,1,0
8;68;6;2;282.00;6,[5],[5],[1],5,2
8;36;3;4;239.00;[3],[3],[3],6,4
8;0;0;1;87.00;0,[1],[1],[1]
8;120;10;11;598.00;10,[9],[9],7,[4],1,11
8;99;9;0;391.00;[9],3,6,5,[1],[1],0
8;114;10;4;448.00;10,[3],[3],6,[4]
8;76;6;11;282.00;6,[5],[5],[5],1,11
8;121;11;0;171.00;[11],[11],[1],0
8;110;10;0;471.00;10,[3],[3],[3],6,5,1,0
8;93;8;5;251.00;8,[11],[11],1,[5]
8;25;2;4;287.00;2,[5],[5],[1],4
8;53;4;10;448.00;4,6,[3],[3],[3],10
8;46;4;2;287.00;4,1,[5],[5],[5],2
8;86;7;10;208.00;7,[9],[9],[9],10
8;107;9;8;428.00;[9],[9],[9],3,6,5,2,8
8;78;7;1;426.00;7,9,[3],[3],6,[5],1
8;64;5;10;412.00;[5],[5],6,[3],10
8;20;1;10;470.00;[1],[5],[5],6,3,10
8;3;0;4;204.00;0,[1],[1],[1],4
8;32;2;11;179.00;2,8,[11],[11],[11]
8;83;7;6;314.00;7,[9],[9],[9],3,6
8;103;9;4;311.00;[9],[9],[9],7,4
8;102;9;3;215.00;[9],[9],[3]
8;70;6;4;302.00;6,[3],[3],6,[4]
8;28;2;7;445.00;2,[5],[5],6,[4],7
8;89;8;1;193.00;8,[11],[11],[11],1
8;30;2;9;358.00;2,[5],[5],6,[3],9
8;39;3;7;251.00;[3],[3],[3],9,7
8;94;8;6;305.00;8,[11],[11],1,[5],6
8;95;8;7;499.00;8,[11],[11],[1],4,7
8;10;0;11;171.00;0,[1],[1],[1],11
8;124;11;3;345.00;11,[1],[5],6,[3]
8;33;3;0;262.00;[3],6,[5],[1],0
8;26;2;5;112.00;2,[5],[5],[5]
8;101;9;2;358.00;9,3,6,[5],[5],[5],2
8;8;0;9;391.00;0,1,5,6,[3],[3],[9]
8;116;10;6;358.00;10,[3],[3],[3],6
8;27;2;6;166.00;2,[5],[5],[5],6
8;38;3;6;149.00;[3],[3],[3],6
8;57;5;2;112.00;[5],[5],[5],2
8;109;9;11;512.00;[9],[9],7,[4],1,11
8;34;3;1;261.00;[3],[3],[3],6,5,1
8;44;4;0;204.00;[4],[1],[1],0
8;90;8;2;208.00;8,2,[5],[5],[5],2
8;118;10;8;514.00;10,[9],[3],[3],6,5,2,8
8;98;8;11;109.00;8,[11],[11],[11]
8;88;8;0;194.00;8,[11],[11],[1],0
8;11;1;0;87.00;[1],[1],[1],0
8;5;0;6;199.00;0,1,[5],[5],[5],6
8;73;6;8;305.00;6,[5],[1],[1],11,8
8;92;8;4;310.00;8,[11],[11],1,[4]
8;97;8;10;508.00;8,2,[5],6,[3],[3],10
8;119;10;9;172.00;10,[9],[9],[9]
8;17;1;7;560.00;1,[11],[11],[1],4,7
9;63;5;9;332.00;[5],6,[3],[9]
9;4;0;5;145.00;0,[1],[1],[5]
9;128;11;7;548.00;11,[1],4,7,[9],[9],7
9;104;9;5;332.00;[9],[3],6,[5]
9;40;3;8;299.00;[3],[3],[3],6,5,2,8
9;59;5;4;230.00;[5],[5],6,[4]
9;126;11;5;205.00;[11],[11],8,2,[5]
9;91;8;3;299.00;8,2,5,6,[3],[3],[3]
9;15;1;5;144.00;1,[5],[5],[5]
9;66;6;0;199.00;6,[5],[1],[1],0
9;9;0;10;471.00;0,[1],5,6,[3],[3],10
9;50;4;7;347.00;[4],7,[9],[9],7
9;96;8;9;428.00;8,2,5,6,3,[9],[9],[9]
9;2;0;3;262.00;0,[1],[5],[5],6,3
9;62;5;8;251.00;[5],[5],1,[11],8
9;67;6;1;198.00;6,[5],[5],[1]
9;127;11;6;259.00;[11],[11],[11],8,2,5,6
9;18;1;8;193.00;[1],[11],[11],8
9;117;10;7;208.00;10,[9],[9],[9],7
9;49;4;6;302.00;4,6,[3],[3],[3],6
9;45;4;1;203.00;4,[1],[1],[1]
9;1;0;2;171.00;0,[1],[5],[5],2
9;75;6;10;358.00;6,[3],[3],[3],10
9;84;7;8;464.00;7,[9],[3],[3],6,5,2,8
9;14;1;4;203.00;[1],[1],[1],4
9;115;10;5;412.00;10,[3],[3],6,[5]
9;79;7;2;394.00;7,[9],[9],[3],6,5,2
9;74;6;9;278.00;6,[3],[3],[9]
9;85;7;9;122.00;7,[9],[9],[9]
9;80;7;3;251.00;7,[9],[3],[3]
9;52;4;9;368.00;4,6,[3],[3],[9]
9;47;4;3;239.00;4,6,[3],[3],[3]
9;21;1;11;286.00;1,[5],[1],[11]
9;37;3;5;203.00;[3],[3],[3],6,5
9;41;3;9;215.00;3,[9],[9],[9]
9;72;6;7;314.00;6,[3],[3],[9],7
9;71;6;5;140.00;6,[5],[5],[5]
9;129;11;8;109.00;[11],[11],[11],8
9;19;1;9;390.00;[1],5,6,[3],[9]
9;23;2;1;170.00;2,[5],[1],[1]
9;108;9;10;172.00;[9],[9],[9],10
9;105;9;6;278.00;[9],[9],[9],3,6
9;100;9;1;390.00;[9],[3],6,[5],1
9;31;2;10;438.00;2,[5],6,[3],[3],10
9;56;5;1;144.00;[5],[5],[1]
9;17;1;7;560.00;1,[11],[11],[1],4,7
9;81;7;4;347.00;7,[9],[9],[9],7,4
9;123;11;2;179.00;[11],[11],[11],8,2
9;43;3;11;345.00;[3],6,5,[1],[1],11
9;131;11;10;554.00;[11],[1],5,6,[3],10
9;7;0;8;194.00;0,1,[11],[11],[11],8
9;69;6;3;149.00;6,[3],[3],[3]
9;48;4;5;261.00;[4],[1],[1],5
9;65;5;11;228.00;[5],1,[11],[11]
9;112;10;2;438.00;10,[3],[3],6,[5],2
9;122;11;1;170.00;[11],[11],[11],1
9;6;0;7;509.00;0,1,[5],[1],[4],7
9;82;7;5;368.00;7,[9],[9],[3],6,5
9;24;2;3;229.00;2,[5],6,[3],[3]
9;60;5;6;140.00;[5],[5],[5],6
9;70;6;4;302.00;6,[3],[3],[3],6,4
9;35;3;2;229.00;[3],6,[5],[5],2
9;16;1;6;198.00;[1],[1],[5],6
9;130;11;9;474.00;11,[1],5,6,[3],[3],9
9;111;10;1;470.00;10,[3],[3],6,5,[1]
9;13;1;3;261.00;[1],[1],[1],5,6,3
9;125;11;4;287.00;[11],[11],[11],1,4
9;87;7;11;476.00;7,[4],[1],[11]
9;22;2;0;171.00;2,5,[1],[1],[1],0
9;113;10;3;295.00;10,[3],[3],[3]
9;51;4;8;310.00;4,1,[11],[11],[11],8
9;58;5;3;203.00;[5],6,[3],[3]
9;54;4;11;287.00;4,[1],[1],[1],11
9;61;5;7;368.00;[5],[5],[5],6,3,9,7
9;42;3;10;295.00;[3],[3],[3],10
9;29;2;8;208.00;2,[5],[5],[5],2,8
9;106;9;7;122.00;[9],[9],[9],7
9;77;7;0;427.00;7,9,[3],[3],[3],6,5,1,0
9;68;6;2;282.00;6,[5],[5],[1],5,2
9;36;3;4;239.00;[3],[3],[3],6,4
9;0;0;1;87.00;0,[1],[1],[1]
9;120;10;11;598.00;10,[9],[9],7,[4],1,11
9;99;9;0;391.00;[9],3,6,5,[1],[1],0
9;114;10;4;448.00;10,[3],[3],6,[4]
9;76;6;11;282.00;6,[5],[5],[5],1,11
9;121;11;0;171.00;[11],[11],[1],0
9;110;10;0;471.00;10,[3],[3],[3],6,5,1,0
9;93;8;5;251.00;8,[11],[11],1,[5]
9;25;2;4;287.00;2,[5],[5],[1],4
9;53;4;10;448.00;4,6,[3],[3],[3],10
9;46;4;2;287.00;4,1,[5],[5],[5],2
9;86;7;10;208.00;7,[9],[9],[9],10
9;107;9;8;428.00;[9],[9],[9],3,6,5,2,8
9;78;7;1;426.00;7,9,[3],[3],6,[5],1
9;64;5;10;412.00;[5],[5],6,[3],10
9;20;1;10;470.00;[1],[5],[5],6,3,10
9;3;0;4;204.00;0,[1],[1],[1],4
9;32;2;11;179.00;2,8,[11],[11],[11]
9;83;7;6;314.00;7,[9],[9],[9],3,6
9;103;9;4;311.00;[9],[9],[9],7,4
9;102;9;3;215.00;[9],[9],[3]
9;12;1;2;263.00;[1],[11],[11],8,2
9;28;2;7;445.00;2,[5],[5],6,[4],7
9;89;8;1;193.00;8,[11],[11],[11],1
9;30;2;9;358.00;2,[5],[5],6,[3],9
9;39;3;7;251.00;[3],[3],[3],9,7
9;94;8;6;305.00;8,[11],[11],1,[5],6
9;95;8;7;499.00;8,[11],[11],[1],4,7
9;10;0;11;171.00;0,[1],[1],[1],11
9;124;11;3;345.00;11,[1],[5],6,[3]
9;33;3;0;262.00;[3],6,[5],[1],0
9;26;2;5;112.00;2,[5],[5],[5]
9;101;9;2;358.00;9,3,6,[5],[5],[5],2
9;55;5;0;145.00;[5],[5],[1],0
9;116;10;6;358.00;10,[3],[3],[3],6
9;27;2;6;166.00;2,[5],[5],[5],6
9;38;3;6;149.00;[3],[3],[3],6
9;57;5;2;112.00;[5],[5],[5],2
9;109;9;11;512.00;[9],[9],7,[4],1,11
9;34;3;1;261.00;[3],[3],[3],6,5,1
9;44;4;0;204.00;[4],[1],[1],0
9;90;8;2;208.00;8,2,[5],[5],[5],2
9;118;10;8;514.00;10,[9],[3],[3],6,5,2,8
9;98;8;11;109.00;8,[11],[11],[11]
9;88;8;0;194.00;8,[11],[11],[1],0
9;11;1;0;87.00;[1],[1],[1],0
9;5;0;6;199.00;0,1,[5],[5],[5],6
9;73;6;8;305.00;6,[5],[1],[1],11,8
9;92;8;4;310.00;8,[11],[11],1,[4]
9;97;8;10;508.00;8,2,[5],6,[3],[3],10
9;119;10;9;172.00;10,[9],[9],[9]
9;8;0;9;429.00;0,[1],[4],7,[9]
10;2;0;3;262.00;0,1,[5],[5],6,[3]
10;45;4;1;203.00;[4],[4],[4],1
10;113;10;3;295.00;[10],[10],[10],3
10;90;8;2;202.00;8,[11],[11],[11],8,2
10;104;9;5;332.00;[9],[9],[3],6,5
10;29;2;8;202.00;2,8,[11],[11],[11],8
10;116;10;6;358.00;[10],[10],[10],3,6
10;40;3;8;299.00;[3],[3],6,[5],2,8
10;55;5;0;145.00;[5],[5],[1],0
10;1;0;2;171.00;0,[1],[5],[5],2
10;89;8;1;193.00;8,[11],[11],[11],1
10;61;5;7;419.00;[5],6,[4],[4],7
10;5;0;6;199.00;0,[1],[5],[5],6
10;86;7;10;208.00;7,[9],[9],[9],10
10;88;8;0;194.00;8,[11],[11],[11],1,0
10;9;0;10;515.00;0,1,[4],[4],7,[9],10
10;54;4;11;287.00;[4],[1],[1],11
10;126;11;5;205.00;11,8,2,[5],[5],[5]
10;7;0;8;194.00;0,[1],[11],[11],8
10;4;0;5;145.00;0,[1],[5],[5]
10;56;5;1;144.00;[5],[5],[1]
10;18;1;8;193.00;[1],[1],[11],8
10;92;8;4;310.00;8,[11],[11],[11],1,4
10;91;8;3;299.00;8,2,[5],[5],[5],6,3
10;37;3;5;203.00;[3],[3],6,[5]
10;47;4;3;239.00;[4],[4],6,[3]
10;35;3;2;229.00;[3],6,[5],[5],2
10;20;1;10;470.00;[1],[5],6,3,[10]
10;105;9;6;278.00;[9],[9],[3],6
10;107;9;8;428.00;[9],[9],[9],3,6,5,2,8
10;112;10;2;444.00;10,[9],[9],[3],6,5,2
10;27;2;6;166.00;2,[5],[5],[5],6
10;81;7;4;347.00;7,[9],[9],7,[4]
10;73;6;8;236.00;6,[5],[5],[5],2,8
10;52;4;9;311.00;[4],[4],7,[9]
10;65;5;11;228.00;[5],[1],[1],11
10;53;4;10;397.00;[4],7,[9],[10]
10;59;5;4;230.00;[5],[5],[5],6,4
10;48;4;5;261.00;[4],[4],[4],1,5
10;46;4;2;256.00;[4],[4],[4],6,5,2
10;78;7;1;392.00;7,[4],[4],[1]
10;87;7;11;487.00;7,[9],[9],3,6,[5],2,8,11
10;130;11;9;474.00;11,1,[5],[5],[5],6,3,9
10;39;3;7;251.00;3,[9],[9],[9],7
10;10;0;11;264.00;0,[1],[5],[5],2,8,11
10;63;5;9;332.00;5,6,[3],[9],[9]
10;17;1;7;392.00;[1],[1],[4],7
10;96;8;9;428.00;8,2,[5],[5],[5],6,3,9
10;131;11;10;554.00;11,1,[5],6,[3],[10]
10;94;8;6;236.00;8,2,[5],[5],[5],6
10;71;6;5;140.00;6,[5],[5],[5]
10;82;7;5;368.00;7,[9],[9],[3],6,5
10;22;2;0;171.00;2,[5],[1],[1],0
10;21;1;11;170.00;1,[11],[11],[11]
10;67;6;1;198.00;6,5,[1],[1],[1]
10;108;9;10;172.00;[9],[10],[10]
10;72;6;7;365.00;6,[4],[4],[4],7
10;3;0;4;204.00;0,[1],[1],[1],4
10;98;8;11;109.00;8,[11],[11],[11]
10;44;4;0;204.00;[4],[4],[4],1,0
10;14;1;4;203.00;[1],[1],[1],4
10;50;4;7;275.00;[4],[4],[4],7
10;38;3;6;257.00;3,6,[5],[5],[5],6
10;115;10;5;412.00;[10],[10],[3],6,5
10;19;1;9;390.00;[1],[5],6,3,[9]
10;69;6;3;257.00;6,[5],[5],6,[3]
10;30;2;9;481.00;2,[5],6,[4],7,[9]
10;66;6;0;199.00;6,[5],[5],[5],1,0
10;42;3;10;301.00;[3],[9],[9],10
10;95;8;7;464.00;8,2,[5],[5],6,3,[9],7
10;79;7;2;445.00;7,[4],6,[5],[5],2
10;106;9;7;122.00;[9],[9],[9],7
10;11;1;0;87.00;[1],[1],[1],0
10;36;3;4;440.00;3,[9],[9],[9],7,4
10;26;2;5;112.00;2,[5],[5],[5]
10;62;5;8;182.00;[5],[5],[5],2,8
10;34;3;1;261.00;[3],6,[5],[1]
10;80;7;3;251.00;7,[9],[9],[9],3
10;75;6;10;358.00;6,[3],[10],[10]
10;23;2;1;170.00;2,5,[1],[1],[1]
10;110;10;0;471.00;10,3,6,[5],[5],[1],0
10;85;7;9;122.00;7,[9],[9],[9]
10;103;9;4;311.00;[9],7,[4],[4]
10;123;11;2;179.00;[11],[11],[11],8,2
10;43;3;11;440.00;3,6,[4],[4],[1],11
10;119;10;9;172.00;[10],[10],[10],9
10;24;2;3;229.00;2,[5],[5],[5],6,3
10;124;11;3;440.00;11,[1],[4],[4],6,3
10;111;10;1;470.00;[10],3,6,[5],[5],1
10;58;5;3;203.00;[5],[5],[5],6,3
10;97;8;10;508.00;8,2,5,6,3,[10],[10],[10]
10;102;9;3;215.00;[9],[9],[9],3
10;122;11;1;170.00;[11],[11],[11],1
10;41;3;9;215.00;3,[9],[9],[9]
10;15;1;5;144.00;[1],[1],[5]
10;93;8;5;182.00;8,2,[5],[5],[5]
10;49;4;6;176.00;[4],[4],[4],6
10;118;10;8;508.00;[10],[10],[10],3,6,5,2,8
10;31;2;10;438.00;2,[5],[5],6,3,[10]
10;125;11;4;287.00;11,[1],[1],[4]
10;6;0;7;393.00;0,[1],[4],[4],7
10;100;9;1;390.00;[9],[9],[9],3,6,5,1
10;0;0;1;87.00;0,[1],[1],[1]
10;84;7;8;499.00;7,[4],[4],[4],1,11,8
10;74;6;9;386.00;6,[5],[5],6,3,[9]
10;28;2;7;394.00;2,[5],6,3,[9],[9],7
10;60;5;6;140.00;[5],[5],[5],6
10;57;5;2;112.00;[5],[5],[5],2
10;83;7;6;365.00;7,[4],[4],[4],6
10;16;1;6;314.00;1,[5],[1],[5],6
10;129;11;8;109.00;[11],[11],[11],8
10;64;5;10;412.00;5,6,[3],[3],[10]
10;101;9;2;358.00;[9],3,6,[5],[5],2
10;77;7;0;465.00;7,[9],[9],[9],7,4,1,0
10;32;2;11;254.00;2,5,[1],[1],[1],11
10;99;9;0;429.00;9,7,4,[1],[1],[1],0
10;121;11;0;171.00;[11],[1],[1],0
10;76;6;11;282.00;6,[5],[1],[11]
10;127;11;6;259.00;[11],8,2,[5],[5],6
10;117;10;7;208.00;[10],[10],[9],7
10;114;10;4;397.00;[10],[10],[9],7,4
10;120;10;11;531.00;10,3,6,[5],2,8,[11],[11]
10;25;2;4;287.00;2,[5],[5],1,[4]
10;128;11;7;476.00;[11],[11],[11],1,4,7
10;51;4;8;310.00;[4],[1],[1],11,8
10;68;6;2;166.00;6,[5],[5],[5],2
10;13;1;3;679.00;1,5,6,3,[10],[10],[3]
10;33;3;0;262.00;3,6,[5],[1],[1],0
10;70;6;4;176.00;6,[4],[4],[4]
10;12;1;2;263.00;[1],[11],[11],8,2
10;8;0;9;429.00;0,1,[4],[4],[4],7,9
10;109;9;11;451.00;[9],[3],6,5,2,8,[11]
11;2;0;3;262.00;0,1,[5],[5],6,[3]
11;45;4;1;203.00;[4],[4],[4],1
11;86;7;10;208.00;7,[9],[9],[9],10
11;90;8;2;202.00;8,[11],[11],[11],8,2
11;104;9;5;332.00;[9],[9],[3],6,5
11;29;2;8;202.00;2,8,[11],[11],[11],8
11;116;10;6;358.00;[10],[10],[10],3,6
11;40;3;8;299.00;[3],[3],6,[5],2,8
11;55;5;0;145.00;[5],[5],[1],0
11;1;0;2;171.00;0,[1],[5],[5],2
11;89;8;1;193.00;8,[11],[11],[11],1
11;61;5;7;419.00;[5],6,[4],[4],7
11;5;0;6;199.00;0,[1],[5],[5],6
11;38;3;6;257.00;3,6,[5],[5],[5],6
11;4;0;5;145.00;0,1,[5],[5],[5]
11;106;9;7;122.00;[9],[9],[9],7
11;54;4;11;287.00;[4],[1],[1],11
11;126;11;5;205.00;11,8,2,[5],[5],[5]
11;7;0;8;194.00;0,[1],[11],[11],8
11;74;6;9;401.00;6,[4],[4],[4],7,9
11;56;5;1;144.00;[5],[5],[1]
11;18;1;8;193.00;[1],[1],[11],8
11;92;8;4;310.00;8,[11],[11],[11],1,4
11;91;8;3;299.00;8,2,[5],[5],[5],6,3
11;110;10;0;471.00;10,[3],6,5,[1],[1],0
11;47;4;3;239.00;[4],[4],6,[3]
11;35;3;2;229.00;[3],6,[5],[5],2
11;20;1;10;470.00;[1],[5],6,3,[10]
11;105;9;6;278.00;[9],[9],[3],6
11;107;9;8;428.00;[9],[9],[9],3,6,5,2,8
11;112;10;2;444.00;10,[9],[9],[3],6,5,2
11;27;2;6;166.00;2,[5],[5],[5],6
11;81;7;4;347.00;7,[9],[9],7,[4]
11;73;6;8;236.00;6,[5],[5],[5],2,8
11;52;4;9;311.00;[4],[4],7,[9]
11;65;5;11;228.00;[5],[1],[1],11
11;53;4;10;397.00;[4],7,[9],[10]
11;59;5;4;230.00;[5],[5],[5],6,4
11;48;4;5;261.00;[4],[4],[4],1,5
11;46;4;2;256.00;[4],[4],[4],6,5,2
11;78;7;1;392.00;7,[4],[4],[1]
11;9;0;10;471.00;0,1,[5],[5],[5],6,3,10
11;130;11;9;474.00;11,1,[5],[5],[5],6,3,9
11;39;3;7;251.00;3,[9],[9],[9],7
11;11;1;0;87.00;[1],[1],[1],0
11;63;5;9;332.00;5,6,[3],[9],[9]
11;17;1;7;392.00;[1],[1],[4],7
11;96;8;9;428.00;8,2,[5],[5],[5],6,3,9
11;131;11;10;554.00;11,1,[5],6,[3],[10]
11;94;8;6;236.00;8,2,[5],[5],[5],6
11;71;6;5;140.00;6,[5],[5],[5]
11;82;7;5;368.00;7,[9],[9],[3],6,5
11;22;2;0;171.00;2,[5],[1],[1],0
11;21;1;11;170.00;1,[11],[11],[11]
11;67;6;1;198.00;6,5,[1],[1],[1]
11;108;9;10;172.00;[9],[10],[10]
11;72;6;7;365.00;6,[4],[4],[4],7
11;3;0;4;204.00;0,[1],[1],[1],4
11;98;8;11;109.00;8,[11],[11],[11]
11;44;4;0;204.00;[4],[4],[4],1,0
11;14;1;4;203.00;[1],[1],[1],4
11;50;4;7;275.00;[4],[4],[4],7
11;113;10;3;295.00;[10],[10],[10],3
11;115;10;5;412.00;[10],[10],[3],6,5
11;19;1;9;390.00;[1],[5],6,3,[9]
11;69;6;3;257.00;6,[5],[5],6,[3]
11;30;2;9;481.00;2,[5],6,[4],7,[9]
11;66;6;0;199.00;6,[5],[5],[5],1,0
11;42;3;10;301.00;[3],[9],[9],10
11;95;8;7;464.00;8,2,[5],[5],6,3,[9],7
11;79;7;2;445.00;7,[4],6,[5],[5],2
11;118;10;8;508.00;[10],[10],[10],3,6,5,2,8
11;10;0;11;264.00;0,[1],[5],[5],2,8,11
11;36;3;4;440.00;3,[9],[9],[9],7,4
11;26;2;5;112.00;2,[5],[5],[5]
11;62;5;8;182.00;[5],[5],[5],2,8
11;34;3;1;261.00;[3],6,[5],[1]
11;80;7;3;251.00;7,[9],[9],[9],3
11;75;6;10;358.00;6,[3],[10],[10]
11;23;2;1;170.00;2,5,[1],[1],[1]
11;109;9;11;512.00;[9],[9],7,4,1,[11]
11;85;7;9;122.00;7,[9],[9],[9]
11;103;9;4;311.00;[9],7,[4],[4]
11;123;11;2;179.00;[11],[11],[11],8,2
11;43;3;11;440.00;3,6,[4],[4],[1],11
11;119;10;9;172.00;[10],[10],[10],9
11;24;2;3;229.00;2,[5],[5],[5],6,3
11;124;11;3;440.00;11,[1],[4],[4],6,3
11;111;10;1;470.00;[10],3,6,[5],[5],1
11;58;5;3;203.00;[5],[5],[5],6,3
11;97;8;10;508.00;8,2,5,6,3,[10],[10],[10]
11;102;9;3;215.00;[9],[9],[9],3
11;122;11;1;170.00;[11],[11],[11],1
11;41;3;9;215.00;3,[9],[9],[9]
11;15;1;5;144.00;[1],[1],[5]
11;93;8;5;182.00;8,2,[5],[5],[5]
11;49;4;6;176.00;[4],[4],[4],6
11;12;1;2;263.00;[1],[11],[11],8,2
11;31;2;10;438.00;2,[5],[5],6,3,[10]
11;125;11;4;287.00;11,[1],[1],[4]
11;6;0;7;393.00;0,[1],[4],[4],7
11;100;9;1;390.00;[9],[9],[9],3,6,5,1
11;0;0;1;87.00;0,[1],[1],[1]
11;84;7;8;499.00;7,[4],[4],[4],1,11,8
11;37;3;5;203.00;[3],6,[5],[5]
11;28;2;7;394.00;2,[5],6,3,[9],[9],7
11;60;5;6;140.00;[5],[5],[5],6
11;57;5;2;112.00;[5],[5],[5],2
11;83;7;6;365.00;7,[4],[4],[4],6
11;16;1;6;314.00;1,[5],[1],[5],6
11;129;11;8;109.00;[11],[11],[11],8
11;64;5;10;412.00;5,6,[3],[3],[10]
11;101;9;2;358.00;[9],3,6,[5],[5],2
11;77;7;0;465.00;7,[9],[9],[9],7,4,1,0
11;32;2;11;254.00;2,5,[1],[1],[1],11
11;99;9;0;429.00;9,7,4,[1],[1],[1],0
11;121;11;0;171.00;[11],[1],[1],0
11;76;6;11;282.00;6,[5],[1],[11]
11;127;11;6;259.00;[11],8,2,[5],[5],6
11;117;10;7;208.00;[10],[10],[9],7
11;114;10;4;397.00;[10],[10],[9],7,4
11;87;7;11;487.00;7,[9],[9],3,6,[5],2,8,11
11;25;2;4;287.00;2,[5],[5],1,[4]
11;128;11;7;476.00;[11],[11],[11],1,4,7
11;51;4;8;310.00;[4],[1],[1],11,8
11;68;6;2;166.00;6,[5],[5],[5],2
11;120;10;11;554.00;10,[3],6,[5],1,[11]
11;33;3;0;262.00;3,6,[5],[1],[1],0
11;70;6;4;176.00;6,[4],[4],[4]
11;88;8;0;194.00;8,[11],[11],[1],0
11;13;1;3;679.00;1,5,6,[3],[10],[3]
11;8;0;9;391.00;0,[1],[1],[5],6,3,9
12;2;0;3;262.00;0,1,[5],[5],6,[3]
12;45;4;1;203.00;[4],[4],[4],1
12;86;7;10;208.00;7,[9],[9],[9],10
12;90;8;2;202.00;8,[11],[11],[11],8,2
12;104;9;5;332.00;[9],[9],[3],6,5
12;29;2;8;202.00;2,8,[11],[11],[11],8
12;116;10;6;358.00;[10],[10],[10],3,6
12;40;3;8;299.00;[3],[3],6,[5],2,8
12;55;5;0;145.00;[5],[5],[1],0
12;1;0;2;171.00;0,[1],[5],[5],2
12;89;8;1;193.00;8,[11],[11],[11],1
12;61;5;7;419.00;[5],6,[4],[4],7
12;5;0;6;199.00;0,[1],[5],[5],6
12;38;3;6;257.00;3,6,[5],[5],[5],6
12;4;0;5;145.00;0,1,[5],[5],[5]
12;106;9;7;122.00;[9],[9],[9],7
12;54;4;11;287.00;[4],[1],[1],11
12;126;11;5;205.00;11,8,2,[5],[5],[5]
12;7;0;8;194.00;0,[1],[11],[11],8
12;74;6;9;401.00;6,[4],[4],[4],7,9
12;56;5;1;144.00;[5],[5],[1]
12;18;1;8;193.00;[1],[1],[11],8
12;92;8;4;310.00;8,[11],[11],[11],1,4
12;91;8;3;299.00;8,2,[5],[5],[5],6,3
12;110;10;0;471.00;10,[3],6,5,[1],[1],0
12;47;4;3;239.00;[4],[4],6,[3]
12;35;3;2;229.00;[3],6,[5],[5],2
12;20;1;10;470.00;[1],[5],6,3,[10]
12;105;9;6;278.00;[9],[9],[3],6
12;107;9;8;428.00;[9],[9],[9],3,6,5,2,8
12;112;10;2;444.00;10,[9],[9],[3],6,5,2
12;27;2;6;166.00;2,[5],[5],[5],6
12;81;7;4;347.00;7,[9],[9],7,[4]
12;73;6;8;236.00;6,[5],[5],[5],2,8
12;52;4;9;311.00;[4],[4],7,[9]
12;65;5;11;228.00;[5],[1],[1],11
12;53;4;10;397.00;[4],7,[9],[10]
12;59;5;4;230.00;[5],[5],[5],6,4
12;48;4;5;261.00;[4],[4],[4],1,5
12;46;4;2;256.00;[4],[4],[4],6,5,2
12;78;7;1;392.00;7,[4],[4],[1]
12;9;0;10;471.00;0,1,[5],[5],[5],6,3,10
12;130;11;9;474.00;11,1,[5],[5],[5],6,3,9
12;39;3;7;251.00;3,[9],[9],[9],7
12;11;1;0;87.00;[1],[1],[1],0
12;63;5;9;332.00;5,6,[3],[9],[9]
12;17;1;7;392.00;[1],[1],[4],7
12;96;8;9;428.00;8,2,[5],[5],[5],6,3,9
12;131;11;10;554.00;11,1,[5],6,[3],[10]
12;94;8;6;236.00;8,2,[5],[5],[5],6
12;71;6;5;140.00;6,[5],[5],[5]
12;82;7;5;368.00;7,[9],[9],[3],6,5
12;22;2;0;171.00;2,[5],[1],[1],0
12;21;1;11;170.00;1,[11],[11],[11]
12;67;6;1;198.00;6,5,[1],[1],[1]
12;108;9;10;172.00;[9],[10],[10]
12;72;6;7;365.00;6,[4],[4],[4],7
12;3;0;4;204.00;0,[1],[1],[1],4
12;98;8;11;109.00;8,[11],[11],[11]
12;44;4;0;204.00;[4],[4],[4],1,0
12;14;1;4;203.00;[1],[1],[1],4
12;50;4;7;275.00;[4],[4],[4],7
12;113;10;3;295.00;[10],[10],[10],3
12;115;10;5;412.00;[10],[10],[3],6,5
12;19;1;9;390.00;[1],[5],6,3,[9]
12;69;6;3;257.00;6,[5],[5],6,[3]
12;30;2;9;481.00;2,[5],6,[4],7,[9]
12;66;6;0;199.00;6,[5],[5],[5],1,0
12;42;3;10;301.00;[3],[9],[9],10
12;95;8;7;464.00;8,2,[5],[5],6,3,[9],7
12;79;7;2;445.00;7,[4],6,[5],[5],2
12;118;10;8;508.00;[10],[10],[10],3,6,5,2,8
12;120;10;11;554.00;10,[3],6,[5],1,[11]
12;36;3;4;440.00;3,[9],[9],[9],7,4
12;26;2;5;112.00;2,[5],[5],[5]
12;62;5;8;182.00;[5],[5],[5],2,8
12;34;3;1;261.00;[3],6,[5],[1]
12;80;7;3;251.00;7,[9],[9],[9],3
12;75;6;10;358.00;6,[3],[10],[10]
12;23;2;1;170.00;2,5,[1],[1],[1]
12;109;9;11;512.00;[9],[9],7,4,1,[11]
12;85;7;9;122.00;7,[9],[9],[9]
12;103;9;4;311.00;[9],7,[4],[4]
12;123;11;2;179.00;[11],[11],[11],8,2
12;43;3;11;440.00;3,6,[4],[4],[1],11
12;119;10;9;172.00;[10],[10],[10],9
12;24;2;3;229.00;2,[5],[5],[5],6,3
12;124;11;3;440.00;11,[1],[4],[4],6,3
12;111;10;1;470.00;[10],3,6,[5],[5],1
12;58;5;3;203.00;[5],[5],[5],6,3
12;97;8;10;508.00;8,2,5,6,3,[10],[10],[10]
12;102;9;3;215.00;[9],[9],[9],3
12;122;11;1;170.00;[11],[11],[11],1
12;41;3;9;215.00;3,[9],[9],[9]
12;15;1;5;144.00;[1],[1],[5]
12;93;8;5;182.00;8,2,[5],[5],[5]
12;49;4;6;176.00;[4],[4],[4],6
12;12;1;2;263.00;[1],[11],[11],8,2
12;31;2;10;438.00;2,[5],[5],6,3,[10]
12;125;11;4;287.00;11,[1],[1],[4]
12;6;0;7;393.00;0,[1],[4],[4],7
12;100;9;1;390.00;[9],[9],[9],3,6,5,1
12;0;0;1;87.00;0,[1],[1],[1]
12;84;7;8;499.00;7,[4],[4],[4],1,11,8
12;37;3;5;203.00;[3],6,[5],[5]
12;28;2;7;394.00;2,[5],6,3,[9],[9],7
12;60;5;6;140.00;[5],[5],[5],6
12;57;5;2;112.00;[5],[5],[5],2
12;83;7;6;365.00;7,[4],[4],[4],6
12;16;1;6;314.00;1,[5],[1],[5],6
12;129;11;8;109.00;[11],[11],[11],8
12;64;5;10;412.00;5,6,[3],[3],[10]
12;101;9;2;358.00;[9],3,6,[5],[5],2
12;77;7;0;465.00;7,[9],[9],[9],7,4,1,0
12;32;2;11;254.00;2,5,[1],[1],[1],11
12;99;9;0;429.00;9,7,4,[1],[1],[1],0
12;121;11;0;171.00;[11],[1],[1],0
12;76;6;11;282.00;6,[5],[1],[11]
12;127;11;6;259.00;[11],8,2,[5],[5],6
12;117;10;7;208.00;[10],[10],[9],7
12;114;10;4;397.00;[10],[10],[9],7,4
12;87;7;11;487.00;7,[9],[9],3,6,[5],2,8,11
12;25;2;4;287.00;2,[5],[5],1,[4]
12;128;11;7;476.00;[11],[11],[11],1,4,7
12;51;4;8;310.00;[4],[1],[1],11,8
12;68;6;2;166.00;6,[5],[5],[5],2
12;13;1;3;679.00;1,5,6,3,[10],[10],[3]
12;33;3;0;262.00;3,6,[5],[1],[1],0
12;70;6;4;176.00;6,[4],[4],[4]
12;88;8;0;194.00;8,[11],[11],[1],0
12;8;0;9;429.00;0,1,[4],[4],[4],7,9
12;10;0;11;264.00;0,[1],[5],[5],2,8,11
13;2;0;3;262.00;0,1,[5],[5],6,[3]
13;45;4;1;203.00;[4],[4],[4],1
13;86;7;10;208.00;7,[9],[9],[9],10
13;90;8;2;202.00;8,[11],[11],[11],8,2
13;104;9;5;332.00;[9],[9],[3],6,5
13;29;2;8;202.00;2,8,[11],[11],[11],8
13;116;10;6;358.00;[10],[10],[10],3,6
13;40;3;8;299.00;[3],[3],6,[5],2,8
13;55;5;0;145.00;[5],[5],[1],0
13;1;0;2;171.00;0,[1],[5],[5],2
13;89;8;1;193.00;8,[11],[11],[11],1
13;61;5;7;419.00;[5],6,[4],[4],7
13;5;0;6;199.00;0,[1],[5],[5],6
13;38;3;6;257.00;3,6,[5],[5],[5],6
13;4;0;5;145.00;0,1,[5],[5],[5]
13;106;9;7;122.00;[9],[9],[9],7
13;54;4;11;287.00;[4],[1],[1],11
13;126;11;5;205.00;11,8,2,[5],[5],[5]
13;7;0;8;194.00;0,[1],[11],[11],8
13;74;6;9;401.00;6,[4],[4],[4],7,9
13;56;5;1;144.00;[5],[5],[1]
13;18;1;8;193.00;[1],[1],[11],8
13;92;8;4;310.00;8,[11],[11],[11],1,4
13;91;8;3;299.00;8,2,[5],[5],[5],6,3
13;110;10;0;471.00;10,[3],6,5,[1],[1],0
13;47;4;3;239.00;[4],[4],6,[3]
13;35;3;2;229.00;[3],6,[5],[5],2
13;20;1;10;470.00;[1],[5],6,3,[10]
13;105;9;6;278.00;[9],[9],[3],6
13;107;9;8;428.00;[9],[9],[9],3,6,5,2,8
13;112;10;2;444.00;10,[9],[9],[3],6,5,2
13;27;2;6;166.00;2,[5],[5],[5],6
13;81;7;4;347.00;7,[9],[9],7,[4]
13;73;6;8;236.00;6,[5],[5],[5],2,8
13;52;4;9;311.00;[4],[4],7,[9]
13;65;5;11;228.00;[5],[1],[1],11
13;53;4;10;397.00;[4],7,[9],[10]
13;59;5;4;230.00;[5],[5],[5],6,4
13;48;4;5;261.00;[4],[4],[4],1,5
13;46;4;2;256.00;[4],[4],[4],6,5,2
13;78;7;1;392.00;7,[4],[4],[1]
13;9;0;10;471.00;0,1,[5],[5],[5],6,3,10
13;130;11;9;474.00;11,1,[5],[5],[5],6,3,9
13;39;3;7;251.00;3,[9],[9],[9],7
13;11;1;0;87.00;[1],[1],[1],0
13;63;5;9;332.00;5,6,[3],[9],[9]
13;17;1;7;392.00;[1],[1],[4],7
13;96;8;9;428.00;8,2,[5],[5],[5],6,3,9
13;131;11;10;554.00;11,1,[5],6,[3],[10]
13;94;8;6;236.00;8,2,[5],[5],[5],6
13;71;6;5;140.00;6,[5],[5],[5]
13;82;7;5;368.00;7,[9],[9],[3],6,5
13;22;2;0;171.00;2,[5],[1],[1],0
13;21;1;11;170.00;1,[11],[11],[11]
13;67;6;1;198.00;6,5,[1],[1],[1]
13;108;9;10;172.00;[9],[10],[10]
13;72;6;7;365.00;6,[4],[4],[4],7
13;3;0;4;204.00;0,[1],[1],[1],4
13;98;8;11;109.00;8,[11],[11],[11]
13;44;4;0;204.00;[4],[4],[4],1,0
13;14;1;4;203.00;[1],[1],[1],4
13;50;4;7;275.00;[4],[4],[4],7
13;113;10;3;295.00;[10],[10],[10],3
13;115;10;5;412.00;[10],[10],[3],6,5
13;19;1;9;390.00;[1],[5],6,3,[9]
13;69;6;3;257.00;6,[5],[5],6,[3]
13;30;2;9;481.00;2,[5],6,[4],7,[9]
13;66;6;0;199.00;6,[5],[5],[5],1,0
13;42;3;10;301.00;[3],[9],[9],10
13;95;8;7;464.00;8,2,[5],[5],6,3,[9],7
13;79;7;2;445.00;7,[4],6,[5],[5],2
13;118;10;8;508.00;[10],[10],[10],3,6,5,2,8
13;10;0;11;287.00;0,[1],[5],[5],1,11
13;36;3;4;440.00;3,[9],[9],[9],7,4
13;26;2;5;112.00;2,[5],[5],[5]
13;62;5;8;182.00;[5],[5],[5],2,8
13;34;3;1;261.00;[3],6,[5],[1]
13;80;7;3;251.00;7,[9],[9],[9],3
13;75;6;10;358.00;6,[3],[10],[10]
13;23;2;1;170.00;2,5,[1],[1],[1]
13;109;9;11;512.00;[9],[9],7,4,1,[11]
13;85;7;9;122.00;7,[9],[9],[9]
13;103;9;4;311.00;[9],7,[4],[4]
13;123;11;2;179.00;[11],[11],[11],8,2
13;43;3;11;440.00;3,6,[4],[4],[1],11
13;119;10;9;172.00;[10],[10],[10],9
13;24;2;3;229.00;2,[5],[5],[5],6,3
13;124;11;3;440.00;11,[1],[4],[4],6,3
13;111;10;1;470.00;[10],3,6,[5],[5],1
13;58;5;3;203.00;[5],[5],[5],6,3
13;97;8;10;508.00;8,2,5,6,3,[10],[10],[10]
13;102;9;3;215.00;[9],[9],[9],3
13;122;11;1;170.00;[11],[11],[11],1
13;41;3;9;215.00;3,[9],[9],[9]
13;15;1;5;144.00;[1],[1],[5]
13;93;8;5;182.00;8,2,[5],[5],[5]
13;49;4;6;176.00;[4],[4],[4],6
13;12;1;2;263.00;[1],[11],[11],8,2
13;31;2;10;438.00;2,[5],[5],6,3,[10]
13;125;11;4;287.00;11,[1],[1],[4]
13;6;0;7;393.00;0,[1],[4],[4],7
13;100;9;1;390.00;[9],[9],[9],3,6,5,1
13;0;0;1;87.00;0,[1],[1],[1]
13;84;7;8;499.00;7,[4],[4],[4],1,11,8
13;37;3;5;203.00;[3],6,[5],[5]
13;28;2;7;394.00;2,[5],6,3,[9],[9],7
13;60;5;6;140.00;[5],[5],[5],6
13;57;5;2;112.00;[5],[5],[5],2
13;83;7;6;365.00;7,[4],[4],[4],6
13;16;1;6;314.00;1,[5],[1],[5],6
13;129;11;8;109.00;[11],[11],[11],8
13;64;5;10;412.00;5,6,[3],[3],[10]
13;101;9;2;358.00;[9],3,6,[5],[5],2
13;77;7;0;465.00;7,[9],[9],[9],7,4,1,0
13;32;2;11;254.00;2,5,[1],[1],[1],11
13;99;9;0;429.00;9,7,4,[1],[1],[1],0
13;121;11;0;171.00;[11],[1],[1],0
13;76;6;11;282.00;6,[5],[1],[11]
13;127;11;6;259.00;[11],8,2,[5],[5],6
13;117;10;7;208.00;[10],[10],[9],7
13;114;10;4;397.00;[10],[10],[9],7,4
13;87;7;11;487.00;7,[9],[9],3,6,[5],2,8,11
13;25;2;4;287.00;2,[5],[5],1,[4]
13;128;11;7;476.00;[11],[11],[11],1,4,7
13;51;4;8;310.00;[4],[1],[1],11,8
13;68;6;2;166.00;6,[5],[5],[5],2
13;13;1;3;679.00;1,5,6,3,[10],[10],[3]
13;33;3;0;262.00;3,6,[5],[1],[1],0
13;70;6;4;176.00;6,[4],[4],[4]
13;88;8;0;194.00;8,[11],[11],[1],0
13;8;0;9;429.00;0,1,[4],[4],[4],7,9
13;120;10;11;554.00;10,[3],6,[5],1,[11]
14;37;3;5;203.00;3,6,[5],[5],[5]
14;59;5;4;230.00;[5],6,[4],[4]
14;73;6;8;305.00;6,5,[1],[1],[11],8
14;31;2;10;438.00;2,[5],[5],6,3,[10]
14;41;3;9;215.00;[3],[9],[9]
14;115;10;5;412.00;[10],[10],[10],3,6,5
14;24;2;3;229.00;2,[5],[5],[5],6,3
14;48;4;5;261.00;[4],[4],[1],5
14;130;11;9;512.00;[11],[11],[1],4,7,9
14;63;5;9;486.00;[5],[5],1,[4],7,9
14;69;6;3;329.00;6,[4],[4],[4],6,3
14;76;6;11;282.00;6,[5],[1],[1],11
14;30;2;9;358.00;2,[5],6,3,[9],[9]
14;67;6;1;198.00;6,[5],[5],[1]
14;60;5;6;140.00;[5],[5],[5],6
14;52;4;9;311.00;[4],[4],7,[9]
14;104;9;5;332.00;[9],[9],[9],3,6,5
14;87;7;11;476.00;7,[4],[4],[4],1,11
14;13;1;3;261.00;[1],[1],[5],6,3
14;47;4;3;239.00;[4],[4],6,[3]
14;56;5;1;144.00;5,[1],[1],[1]
14;91;8;3;299.00;8,2,[5],[5],[5],6,3
14;78;7;1;392.00;7,[4],[4],[4],1
14;1;0;2;171.00;0,1,[5],[5],[5],2
14;36;3;4;239.00;3,6,[4],[4],[4]
14;119;10;9;172.00;10,[9],[9],[9]
14;34;3;1;356.00;[3],6,[4],[4],1
14;29;2;8;277.00;2,5,[1],[1],[1],11,8
14;92;8;4;310.00;8,11,[1],[4],[4]
14;27;2;6;166.00;2,[5],[5],[5],6
14;113;10;3;295.00;[10],[10],[10],3
14;14;1;4;203.00;[1],[4],[4]
14;116;10;6;358.00;[10],[10],[10],3,6
14;110;10;0;471.00;[10],[3],6,5,[1],0
14;107;9;8;535.00;[9],7,[4],[1],11,8
14;72;6;7;365.00;6,[4],[4],[4],7
14;71;6;5;140.00;6,[5],[5],[5]
14;5;0;6;199.00;0,1,[5],[5],[5],6
14;131;11;10;554.00;11,[1],[5],6,[3],10
14;103;9;4;311.00;9,7,[4],[4],[4]
14;79;7;2;394.00;7,[9],[9],[9],3,6,5,2
14;44;4;0;204.00;[4],[4],[1],0
14;111;10;1;470.00;[10],[10],[10],3,6,5,1
14;88;8;0;194.00;8,11,[1],[1],[1],0
14;62;5;8;182.00;[5],[5],[5],2,8
14;68;6;2;166.00;6,[5],[5],[5],2
14;80;7;3;251.00;7,[9],[9],[3]
14;90;8;2;277.00;8,11,[1],[1],[5],2
14;128;11;7;476.00;11,[1],[1],[1],4,7
14;118;10;8;508.00;[10],[10],[10],3,6,5,2,8
14;129;11;8;277.00;11,[1],[1],[11],8
14;124;11;3;440.00;[11],1,[4],[4],6,3
14;4;0;5;145.00;0,1,[5],[5],[5]
14;20;1;10;470.00;1,[5],6,3,[10],[10]
14;77;7;0;393.00;7,[4],[4],[1],0
14;61;5;7;450.00;[5],1,[4],[4],7
14;85;7;9;122.00;7,[9],[9],[9]
14;112;10;2;438.00;[10],3,6,[5],[5],2
14;3;0;4;204.00;0,[1],[4],[4]
14;17;1;7;392.00;[1],[1],[1],4,7
14;101;9;2;358.00;[9],[9],[9],3,6,5,2
14;7;0;8;194.00;0,[1],[1],[1],11,8
14;99;9;0;429.00;[9],[9],7,[4],1,0
14;16;1;6;198.00;[1],[1],[1],5,6
14;65;5;11;228.00;5,[1],[11],[11]
14;9;0;10;471.00;0,[1],[1],5,6,[3],10
14;49;4;6;176.00;[4],[4],[4],6
14;54;4;11;287.00;[4],[1],[11]
14;0;0;1;87.00;0,[1],[1],[1]
14;121;11;0;171.00;11,[1],[1],[1],0
14;42;3;10;295.00;[3],[10],[10]
14;53;4;10;397.00;[4],[4],7,9,[10]
14;94;8;6;236.00;8,2,[5],[5],[5],6
14;84;7;8;464.00;7,[9],[9],[9],3,6,5,2,8
14;32;2;11;254.00;2,[5],[1],[1],11
14;95;8;7;499.00;8,[11],[11],1,[4],7
14;86;7;10;208.00;7,[9],[10],[10]
14;125;11;4;287.00;11,[1],[1],[1],4
14;97;8;10;508.00;8,2,5,6,3,[10],[10],[10]
14;11;1;0;87.00;[1],[1],[1],0
14;100;9;1;390.00;9,3,6,[5],[1],[1]
14;127;11;6;282.00;11,[1],[5],[5],6
14;2;0;3;262.00;0,[1],[1],[5],6,3
14;123;11;2;254.00;[11],[1],[1],5,2
14;23;2;1;170.00;2,[5],[1],[1]
14;19;1;9;428.00;[1],[4],[4],7,9
14;74;6;9;278.00;6,3,[9],[9],[9]
14;18;1;8;193.00;[1],[11],[11],8
14;26;2;5;112.00;2,[5],[5],[5]
14;122;11;1;170.00;[11],[1],[1]
14;117;10;7;208.00;[10],[10],[9],7
14;57;5;2;228.00;[5],[1],[1],5,2
14;43;3;11;345.00;3,6,5,[1],[11],[11]
14;105;9;6;278.00;[9],[9],[9],3,6
14;83;7;6;314.00;7,[9],[9],[3],6
14;98;8;11;277.00;8,[11],[11],[1],11
14;102;9;3;215.00;[9],[9],[9],3
14;114;10;4;397.00;[10],[9],7,[4]
14;108;9;10;172.00;[9],[9],[10]
14;39;3;7;251.00;3,[9],[9],[9],7
14;8;0;9;391.00;0,[1],[1],[1],5,6,3,9
14;64;5;10;412.00;5,6,3,[10],[10],[10]
14;82;7;5;450.00;7,[4],[1],[1],5
14;35;3;2;229.00;3,6,[5],[5],[5],2
14;15;1;5;144.00;[1],[1],[5]
14;109;9;11;512.00;[9],7,[4],1,[11]
14;25;2;4;287.00;2,5,1,[4],[4],[4]
14;58;5;3;203.00;[5],[5],[5],6,3
14;6;0;7;393.00;0,[1],[1],[1],4,7
14;96;8;9;497.00;8,[11],[1],[5],6,3,9
14;75;6;10;358.00;6,3,[10],[10],[10]
14;38;3;6;257.00;[3],6,[5],[5],6
14;40;3;8;368.00;[3],6,5,[1],[1],11,8
14;81;7;4;275.00;7,[4],[4],[4]
14;93;8;5;182.00;8,2,[5],[5],[5]
14;21;1;11;170.00;[1],[1],[1],11
14;51;4;8;310.00;[4],[1],[11],8
14;22;2;0;171.00;2,5,[1],[1],[1],0
14;66;6;0;199.00;6,[5],[1],[1],0
14;126;11;5;228.00;11,[1],[1],[5]
14;33;3;0;262.00;3,6,[5],[1],[1],0
14;45;4;1;203.00;[4],[4],[1]
14;89;8;1;193.00;8,11,[1],[1],[1]
14;12;1;2;170.00;[1],[1],[1],5,2
14;10;0;11;264.00;0,[1],[5],[5],2,8,11
14;28;2;7;476.00;2,5,[1],[1],[4],7
14;106;9;7;122.00;[9],[9],[9],7
14;70;6;4;176.00;6,[4],[4],[4]
14;46;4;2;256.00;[4],[4],[4],6,5,2
14;50;4;7;275.00;[4],[4],[4],7
14;55;5;0;145.00;5,[1],[1],[1],0
14;120;10;11;554.00;[10],[10],3,6,[5],1,11
15;37;3;5;203.00;3,6,[5],[5],[5]
15;59;5;4;230.00;[5],6,[4],[4]
15;73;6;8;305.00;6,5,[1],[1],[11],8
15;69;6;3;329.00;6,[4],[4],6,[3]
15;95;8;7;499.00;8,11,[1],[1],[4],7
15;115;10;5;412.00;[10],[10],[10],3,6,5
15;24;2;3;229.00;2,[5],[5],[5],6,3
15;67;6;1;198.00;6,[5],[5],[5],1
15;116;10;6;358.00;[10],[10],[10],3,6
15;70;6;4;176.00;6,[4],[4],[4]
15;12;1;2;170.00;[1],[1],[1],5,2
15;112;10;2;438.00;[10],[10],[10],3,6,5,2
15;30;2;9;358.00;2,[5],6,3,[9],[9]
15;7;0;8;194.00;0,[1],[11],[11],8
15;60;5;6;140.00;[5],[5],[5],6
15;52;4;9;311.00;[4],[4],7,[9]
15;104;9;5;332.00;[9],[9],[9],3,6,5
15;87;7;11;476.00;7,[4],[4],[4],1,11
15;88;8;0;194.00;8,[11],[11],[1],0
15;122;11;1;170.00;[11],[1],[1]
15;56;5;1;144.00;5,[1],[1],[1]
15;91;8;3;299.00;8,2,[5],[5],[5],6,3
15;78;7;1;392.00;7,[4],[4],[4],1
15;80;7;3;251.00;7,[9],[9],[3]
15;36;3;4;239.00;3,6,[4],[4],[4]
15;119;10;9;172.00;10,[9],[9],[9]
15;34;3;1;356.00;[3],6,[4],[4],1
15;114;10;4;397.00;[10],9,7,[4],[4]
15;92;8;4;310.00;8,11,[1],[4],[4]
15;25;2;4;287.00;2,5,[1],[1],[4]
15;44;4;0;204.00;[4],[4],[1],0
15;14;1;4;203.00;[1],[4],[4]
15;123;11;2;254.00;[11],[1],[1],5,2
15;45;4;1;203.00;[4],[4],[1]
15;107;9;8;535.00;[9],7,[4],[1],11,8
15;72;6;7;365.00;6,[4],[4],[4],7
15;71;6;5;140.00;6,[5],[5],[5]
15;64;5;10;412.00;[5],[5],6,3,[10]
15;131;11;10;554.00;11,[1],[5],6,[3],10
15;103;9;4;311.00;9,7,[4],[4],[4]
15;81;7;4;275.00;7,[4],[4],[4]
15;51;4;8;310.00;[4],[4],[4],1,11,8
15;113;10;3;295.00;[10],[10],[10],3
15;42;3;10;295.00;[3],[10],[10]
15;62;5;8;182.00;[5],[5],[5],2,8
15;68;6;2;166.00;6,[5],[5],[5],2
15;117;10;7;208.00;10,[9],[9],[9],7
15;1;0;2;171.00;0,[1],[5],[5],2
15;128;11;7;476.00;11,[1],[1],[1],4,7
15;108;9;10;172.00;9,[10],[10],[10]
15;13;1;3;261.00;[1],[1],[5],6,3
15;111;10;1;470.00;[10],[10],3,6,[5],1
15;4;0;5;145.00;0,1,[5],[5],[5]
15;20;1;10;470.00;1,[5],6,3,[10],[10]
15;77;7;0;393.00;7,[4],[4],[1],0
15;29;2;8;277.00;2,5,[1],[11],[11],8
15;85;7;9;122.00;7,[9],[9],[9]
15;110;10;0;471.00;10,3,6,[5],[5],[1],0
15;3;0;4;204.00;0,[1],[4],[4]
15;17;1;7;392.00;[1],[1],[1],4,7
15;101;9;2;358.00;[9],[9],[9],3,6,5,2
15;63;5;9;332.00;[5],6,3,[9],[9]
15;99;9;0;429.00;[9],[9],7,[4],1,0
15;16;1;6;198.00;[1],[1],[1],5,6
15;65;5;11;228.00;5,[1],[11],[11]
15;76;6;11;282.00;6,[5],[1],[1],11
15;129;11;8;277.00;11,[1],[1],[11],8
15;47;4;3;239.00;[4],[4],[4],6,3
15;0;0;1;87.00;0,[1],[1],[1]
15;5;0;6;199.00;0,[1],[5],[5],6
15;31;2;10;444.00;2,[5],[5],6,3,[9],10
15;53;4;10;397.00;[4],[4],7,9,[10]
15;94;8;6;236.00;8,2,[5],[5],[5],6
15;84;7;8;464.00;7,[9],[9],[9],3,6,5,2,8
15;120;10;11;531.00;[10],[10],[10],3,6,5,2,8,11
15;126;11;5;228.00;11,[1],[1],[1],5
15;86;7;10;208.00;7,[9],[10],[10]
15;125;11;4;287.00;11,[1],[1],[1],4
15;127;11;6;282.00;11,[1],[5],[5],6
15;11;1;0;87.00;[1],[1],[1],0
15;41;3;9;215.00;[3],[9],[9]
15;26;2;5;112.00;2,[5],[5],[5]
15;2;0;3;262.00;0,[1],[1],[5],6,3
15;18;1;8;193.00;[1],[11],[11],8
15;23;2;1;170.00;2,[5],[1],[1]
15;121;11;0;171.00;11,[1],[1],[1],0
15;74;6;9;278.00;6,3,[9],[9],[9]
15;106;9;7;122.00;[9],[9],[9],7
15;118;10;8;508.00;[10],[10],[10],3,6,5,2,8
15;32;2;11;254.00;2,[5],[1],[11]
15;9;0;10;471.00;0,[1],[1],[5],6,3,10
15;21;1;11;170.00;[1],[11],[11]
15;43;3;11;345.00;3,6,5,[1],[11],[11]
15;97;8;10;508.00;8,2,[5],6,3,[10],[10]
15;83;7;6;314.00;7,[9],[9],[3],6
15;130;11;9;512.00;[11],[11],[1],4,7,9
15;102;9;3;215.00;[9],[9],[9],3
15;124;11;3;608.00;11,[1],[11],1,[4],6,3
15;49;4;6;176.00;[4],[4],[4],6
15;39;3;7;251.00;3,[9],[9],[9],7
15;8;0;9;391.00;0,[1],[1],[1],5,6,3,9
15;100;9;1;390.00;[9],[9],3,6,5,[1]
15;82;7;5;450.00;7,[4],[1],[1],5
15;35;3;2;229.00;3,6,[5],[5],[5],2
15;54;4;11;287.00;4,[1],[1],[11]
15;109;9;11;512.00;[9],7,[4],1,[11]
15;27;2;6;166.00;2,[5],[5],[5],6
15;58;5;3;203.00;[5],[5],[5],6,3
15;6;0;7;393.00;0,[1],[1],[1],4,7
15;79;7;2;394.00;7,[9],[9],[9],3,6,5,2
15;75;6;10;358.00;6,3,[10],[10],[10]
15;38;3;6;257.00;[3],6,[5],[5],6
15;40;3;8;368.00;[3],6,5,[1],[1],11,8
15;96;8;9;497.00;8,11,[1],[1],[1],5,6,3,9
15;93;8;5;182.00;8,2,[5],[5],[5]
15;61;5;7;450.00;[5],[1],[4],7
15;19;1;9;428.00;1,[4],7,[9],[9]
15;22;2;0;171.00;2,5,[1],[1],[1],0
15;66;6;0;199.00;6,[5],[1],[1],0
15;48;4;5;261.00;[4],[4],1,[5]
15;33;3;0;262.00;3,6,[5],[1],[1],0
15;105;9;6;278.00;[9],[9],[9],3,6
15;89;8;1;193.00;8,11,[1],[1],[1]
15;90;8;2;277.00;8,[11],[1],[5],2
15;10;0;11;264.00;0,[1],[5],[5],2,8,11
15;28;2;7;476.00;2,5,[1],[1],[4],7
15;15;1;5;144.00;[1],[1],[5]
15;57;5;2;228.00;[5],[1],[1],5,2
15;46;4;2;256.00;[4],[4],[4],6,5,2
15;50;4;7;275.00;[4],[4],[4],7
15;55;5;0;145.00;[5],[1],[1],0
15;98;8;11;277.00;8,[11],[11],[1],11
16;17;1;7;426.00;[1],[5],[5],6,3,9,7
16;9;0;10;477.00;0,[1],[5],6,3,[9],10
16;19;1;9;390.00;1,5,6,[3],[3],[9]
16;97;8;10;508.00;8,2,[5],6,[3],[3],10
16;15;1;5;312.00;1,[11],[11],[11],1,5
16;78;7;1;426.00;7,9,[3],[3],6,[5],1
16;127;11;6;259.00;11,8,2,[5],[5],[5],6
16;102;9;3;215.00;[9],[9],[3]
16;103;9;4;311.00;[9],[9],[9],7,4
16;68;6;2;282.00;6,[5],[1],[1],5,2
16;32;2;11;179.00;2,8,[11],[11],[11]
16;4;0;5;145.00;0,[1],[1],[5]
16;3;0;4;372.00;0,1,[11],[11],[11],1,4
16;89;8;1;193.00;8,[11],[11],[1]
16;112;10;2;444.00;10,[9],[9],[9],3,6,5,2
16;93;8;5;251.00;8,[11],[11],[1],5
16;36;3;4;239.00;[3],[3],[3],6,4
16;121;11;0;171.00;[11],[11],[1],0
16;10;0;11;171.00;0,[1],[1],[1],11
16;61;5;7;368.00;[5],[5],[5],6,3,9,7
16;54;4;11;287.00;4,[1],[1],[11]
16;106;9;7;122.00;[9],[9],[9],7
16;38;3;6;149.00;[3],[3],[3],6
16;98;8;11;109.00;8,[11],[11],[11]
16;120;10;11;598.00;10,[9],[9],[9],7,4,1,11
16;39;3;7;251.00;[3],[3],[9],7
16;34;3;1;261.00;[3],[3],[3],6,5,1
16;128;11;7;605.00;11,1,4,6,[3],[3],[3],9,7
16;7;0;8;194.00;0,[1],[11],[11],8
16;115;10;5;412.00;10,[3],[3],[3],6,5
16;31;2;10;438.00;2,[5],[5],6,[3],10
16;109;9;11;512.00;[9],[9],[9],7,4,1,11
16;85;7;9;122.00;7,[9],[9],[9]
16;37;3;5;203.00;[3],[3],[3],6,5
16;41;3;9;215.00;3,[9],[9],[9]
16;62;5;8;298.00;5,[1],[5],[5],2,8
16;18;1;8;240.00;[1],[5],[5],2,8
16;53;4;10;587.00;4,[1],[1],[1],5,6,3,10
16;81;7;4;347.00;7,[9],[9],[9],7,4
16;79;7;2;394.00;7,[9],[9],[3],6,5,2
16;84;7;8;464.00;7,[9],[3],[3],6,5,2,8
16;30;2;9;474.00;2,5,[1],[5],6,3,[9]
16;20;1;10;470.00;[1],[1],[5],6,3,10
16;88;8;0;194.00;8,[11],[11],[11],1,0
16;71;6;5;140.00;6,[5],[5],[5]
16;73;6;8;305.00;6,[5],1,[11],[11],8
16;42;3;10;301.00;[3],[3],[9],10
16;101;9;2;358.00;9,[3],[3],6,[5],2
16;99;9;0;391.00;[9],[9],[9],3,6,5,1,0
16;67;6;1;198.00;6,[5],[5],[1]
16;77;7;0;427.00;7,9,[3],[3],[3],6,5,1,0
16;125;11;4;403.00;11,1,[5],[1],[1],4
16;123;11;2;254.00;[11],[1],[1],5,2
16;65;5;11;228.00;[5],1,[11],[11]
16;126;11;5;228.00;[11],[11],1,[5]
16;94;8;6;305.00;8,[11],[11],[1],5,6
16;122;11;1;170.00;[11],[11],[1]
16;116;10;6;358.00;10,[3],[3],[3],6
16;24;2;3;229.00;2,[5],6,[3],[3]
16;60;5;6;140.00;[5],[5],[5],6
16;55;5;0;145.00;[5],[5],[1],0
16;129;11;8;109.00;[11],[11],[11],8
16;75;6;10;358.00;6,[3],[3],[3],10
16;83;7;6;314.00;7,9,[3],[3],[3],6
16;2;0;3;262.00;0,[1],[1],[1],5,6,3
16;28;2;7;394.00;2,[5],6,3,[9],[9],7
16;0;0;1;87.00;0,[1],[1],[1]
16;66;6;0;199.00;6,[5],[5],[5],1,0
16;5;0;6;199.00;0,[1],[1],[5],6
16;130;11;9;474.00;11,1,[5],6,[3],[3],9
16;47;4;3;440.00;4,7,[9],[9],[9],3
16;58;5;3;203.00;[5],6,[3],[3]
16;80;7;3;251.00;7,[9],[3],[3]
16;25;2;4;256.00;2,[5],[5],[5],6,4
16;124;11;3;345.00;11,[1],[5],6,[3]
16;1;0;2;380.00;0,1,[5],[5],1,[11],8,2
16;86;7;10;208.00;7,[9],[9],[9],10
16;12;1;2;263.00;[1],[11],[11],8,2
16;22;2;0;171.00;2,[5],[5],[1],0
16;72;6;7;314.00;6,[3],[3],[9],7
16;107;9;8;428.00;[9],[9],[3],6,5,2,8
16;117;10;7;208.00;10,[9],[9],[9],7
16;56;5;1;144.00;5,[1],[1],[1]
16;91;8;3;299.00;8,2,5,6,[3],[3],[3]
16;76;6;11;282.00;6,[5],[5],[5],1,11
16;63;5;9;332.00;5,6,[3],[3],[9]
16;16;1;6;198.00;[1],[1],[5],6
16;96;8;9;497.00;8,11,[1],[1],5,6,[3],9
16;21;1;11;170.00;[1],[1],[11]
16;119;10;9;424.00;10,[3],[9],[9]
16;46;4;2;287.00;4,1,[5],[5],[5],2
16;69;6;3;515.00;6,[5],6,3,[9],[9],3
16;74;6;9;386.00;6,[5],[5],6,[3],9
16;27;2;6;166.00;2,[5],[5],[5],6
16;108;9;10;172.00;[9],[9],[9],10
16;23;2;1;170.00;2,5,[1],[1],[1]
16;70;6;4;302.00;6,[3],[3],[3],6,4
16;111;10;1;470.00;10,[3],6,[5],[5],1
16;118;10;8;514.00;10,[9],[9],3,6,[5],2,8
16;131;11;10;554.00;[11],[1],5,6,[3],10
16;8;0;9;391.00;0,1,5,6,[3],[3],[3],9
16;29;2;8;208.00;2,[5],[5],[5],2,8
16;64;5;10;412.00;5,6,[3],[3],[3],10
16;105;9;6;278.00;[9],[9],[9],3,6
16;110;10;0;471.00;10,[3],[3],[3],6,5,1,0
16;43;3;11;322.00;[3],[3],6,5,2,8,[11]
16;6;0;7;427.00;0,[1],5,6,[3],[9],7
16;57;5;2;112.00;[5],[5],[5],2
16;49;4;6;315.00;4,[1],[1],[5],6
16;40;3;8;299.00;[3],[3],[3],6,5,2,8
16;33;3;0;262.00;[3],6,[5],[1],0
16;26;2;5;112.00;2,[5],[5],[5]
16;35;3;2;229.00;[3],[3],6,[5],2
16;13;1;3;261.00;[1],[1],[1],5,6,3
16;95;8;7;510.00;8,[11],[11],8,2,5,6,[3],9,7
16;90;8;2;208.00;8,2,[5],[5],[5],2
16;104;9;5;332.00;[9],[9],[3],6,5
16;11;1;0;87.00;[1],[1],[1],0
16;52;4;9;368.00;4,6,[3],[3],[3],9
16;113;10;3;295.00;10,[3],[3],[3]
16;100;9;1;390.00;[9],[3],[3],6,5,1
16;82;7;5;368.00;7,[9],[3],[3],6,5
16;51;4;8;395.00;4,6,[5],[1],[11],8
16;50;4;7;404.00;4,6,[3],[3],[3],9,7
16;114;10;4;649.00;10,[3],[9],[9],7,4
16;45;4;1;371.00;4,[1],[1],[11],1
16;59;5;4;590.00;[5],6,[3],6,4,[1],4
16;87;7;11;487.00;7,[9],[3],[3],6,5,2,8,11
16;44;4;0;372.00;4,1,[11],[1],[1],0
16;14;1;4;319.00;[1],[1],[5],1,4
16;48;4;5;464.00;4,6,[5],6,[3],[3],6,5
16;92;8;4;521.00;8,11,[1],5,6,[3],[3],6,4
