solutionNumber;flowID;ingress;egress;delay;vnfs;route
0;0;0;1;87.00;Proxy,IDS,Firewall;0,[1],[1],[1]
0;1;0;2;171.00;IDS,Proxy,Firewall;0,[1],[1],[1],5,2
0;2;0;3;262.00;IDS,Proxy,Firewall;0,[1],[1],[1],5,6,3
0;3;0;4;204.00;Proxy,IDS,Firewall;0,1,[4],[4],[4]
0;4;0;5;145.00;Firewall,Proxy,IDS;0,[1],[1],[1],5
0;5;0;6;199.00;IDS,Proxy,Firewall;0,[1],[1],[1],5,6
0;6;0;7;393.00;Proxy,Firewall,IDS;0,1,[4],[4],[4],7
0;7;0;8;194.00;Proxy,Firewall,IDS;0,[1],[1],[1],11,8
0;8;0;9;391.00;Proxy,IDS,Firewall;0,[1],[1],[1],5,6,3,9
0;9;0;10;471.00;Proxy,Firewall,IDS;0,1,5,6,3,[10],[10],[10]
0;10;0;11;171.00;IDS,Firewall,Proxy;0,[1],[1],[1],11
0;11;1;0;87.00;IDS,Firewall,Proxy;[1],[1],[1],0
0;12;1;2;170.00;IDS,Proxy,Firewall;[1],[1],[1],5,2
0;13;1;3;261.00;Firewall,Proxy,IDS;1,5,6,[3],[3],[3]
0;14;1;4;203.00;Firewall,Proxy,IDS;1,[4],[4],[4]
0;15;1;5;144.00;IDS,Proxy,Firewall;[1],[1],[1],5
0;16;1;6;198.00;IDS,Proxy,Firewall;1,[5],[5],[5],6
0;17;1;7;392.00;IDS,Proxy,Firewall;1,[4],[4],[4],7
0;18;1;8;193.00;Proxy,Firewall,IDS;[1],[1],[1],11,8
0;19;1;9;390.00;Firewall,Proxy,IDS;1,[5],[5],[5],6,3,9
0;20;1;10;470.00;Firewall,Proxy,IDS;1,[5],[5],[5],6,3,10
0;21;1;11;170.00;Proxy,Firewall,IDS;1,[11],[11],[11]
0;22;2;0;171.00;Firewall,IDS,Proxy;2,5,[1],[1],[1],0
0;23;2;1;170.00;IDS,Proxy,Firewall;2,[5],[5],[5],1
0;24;2;3;229.00;IDS,Firewall,Proxy;2,[5],[5],[5],6,3
0;25;2;4;256.00;Firewall,IDS,Proxy;2,5,6,[4],[4],[4]
0;26;2;5;112.00;Proxy,Firewall,IDS;2,[5],[5],[5]
0;27;2;6;166.00;Firewall,IDS,Proxy;2,[5],[5],[5],6
0;28;2;7;394.00;Proxy,Firewall,IDS;2,5,6,3,[9],[9],[9],7
0;29;2;8;202.00;Proxy,IDS,Firewall;2,8,[11],[11],[11],8
0;30;2;9;358.00;IDS,Proxy,Firewall;2,5,6,[3],[3],[3],9
0;31;2;10;438.00;Firewall,IDS,Proxy;2,5,6,3,[10],[10],[10]
0;32;2;11;179.00;Firewall,Proxy,IDS;2,8,[11],[11],[11]
0;33;3;0;262.00;Firewall,IDS,Proxy;[3],[3],[3],6,5,1,0
0;34;3;1;261.00;IDS,Proxy,Firewall;[3],[3],[3],6,5,1
0;35;3;2;229.00;Firewall,Proxy,IDS;3,6,[5],[5],[5],2
0;36;3;4;239.00;Proxy,IDS,Firewall;3,6,[4],[4],[4]
0;37;3;5;203.00;IDS,Firewall,Proxy;3,6,[5],[5],[5]
0;38;3;6;149.00;IDS,Proxy,Firewall;[3],[3],[3],6
0;39;3;7;251.00;IDS,Firewall,Proxy;3,[9],[9],[9],7
0;40;3;8;299.00;IDS,Firewall,Proxy;[3],[3],[3],6,5,2,8
0;41;3;9;215.00;IDS,Firewall,Proxy;3,[9],[9],[9]
0;42;3;10;295.00;IDS,Proxy,Firewall;3,[10],[10],[10]
0;43;3;11;322.00;Proxy,Firewall,IDS;3,6,5,2,8,[11],[11],[11]
0;44;4;0;204.00;IDS,Proxy,Firewall;[4],[4],[4],1,0
0;45;4;1;203.00;IDS,Firewall,Proxy;[4],[4],[4],1
0;46;4;2;256.00;IDS,Proxy,Firewall;[4],[4],[4],6,5,2
0;47;4;3;239.00;Firewall,Proxy,IDS;4,6,[3],[3],[3]
0;48;4;5;230.00;IDS,Proxy,Firewall;[4],[4],[4],6,5
0;49;4;6;176.00;Firewall,Proxy,IDS;[4],[4],[4],6
0;50;4;7;275.00;IDS,Firewall,Proxy;[4],[4],[4],7
0;51;4;8;310.00;IDS,Proxy,Firewall;[4],[4],[4],1,11,8
0;52;4;9;311.00;IDS,Firewall,Proxy;4,7,[9],[9],[9]
0;53;4;10;397.00;Firewall,IDS,Proxy;4,7,9,[10],[10],[10]
0;54;4;11;287.00;Proxy,IDS,Firewall;[4],[4],[4],1,11
0;55;5;0;145.00;IDS,Firewall,Proxy;5,[1],[1],[1],0
0;56;5;1;144.00;Proxy,IDS,Firewall;[5],[5],[5],1
0;57;5;2;112.00;Firewall,IDS,Proxy;[5],[5],[5],2
0;58;5;3;203.00;IDS,Firewall,Proxy;[5],[5],[5],6,3
0;59;5;4;230.00;Firewall,Proxy,IDS;[5],[5],[5],6,4
0;60;5;6;140.00;IDS,Proxy,Firewall;[5],[5],[5],6
0;61;5;7;368.00;Firewall,Proxy,IDS;[5],[5],[5],6,3,9,7
0;62;5;8;182.00;Firewall,Proxy,IDS;[5],[5],[5],2,8
0;63;5;9;332.00;IDS,Firewall,Proxy;5,6,3,[9],[9],[9]
0;64;5;10;412.00;IDS,Firewall,Proxy;[5],[5],[5],6,3,10
0;65;5;11;205.00;Proxy,IDS,Firewall;5,2,8,[11],[11],[11]
0;66;6;0;199.00;IDS,Firewall,Proxy;6,[5],[5],[5],1,0
0;67;6;1;198.00;Firewall,Proxy,IDS;6,5,[1],[1],[1]
0;68;6;2;166.00;Firewall,IDS,Proxy;6,[5],[5],[5],2
0;69;6;3;149.00;Firewall,Proxy,IDS;6,[3],[3],[3]
0;70;6;4;176.00;Firewall,Proxy,IDS;6,[4],[4],[4]
0;71;6;5;140.00;IDS,Firewall,Proxy;6,[5],[5],[5]
0;72;6;7;314.00;IDS,Proxy,Firewall;6,[3],[3],[3],9,7
0;73;6;8;236.00;Proxy,IDS,Firewall;6,[5],[5],[5],2,8
0;74;6;9;278.00;IDS,Proxy,Firewall;6,3,[9],[9],[9]
0;75;6;10;358.00;Firewall,Proxy,IDS;6,[3],[3],[3],10
0;76;6;11;259.00;Firewall,IDS,Proxy;6,[5],[5],[5],2,8,11
0;77;7;0;393.00;Firewall,IDS,Proxy;7,[4],[4],[4],1,0
0;78;7;1;392.00;Firewall,Proxy,IDS;7,4,[1],[1],[1]
0;79;7;2;394.00;Firewall,IDS,Proxy;7,9,[3],[3],[3],6,5,2
0;80;7;3;251.00;Proxy,Firewall,IDS;7,[9],[9],[9],3
0;81;7;4;275.00;IDS,Proxy,Firewall;7,[4],[4],[4]
0;82;7;5;368.00;IDS,Proxy,Firewall;7,9,[3],[3],[3],6,5
0;83;7;6;314.00;Firewall,Proxy,IDS;7,9,[3],[3],[3],6
0;84;7;8;464.00;IDS,Firewall,Proxy;7,9,[3],[3],[3],6,5,2,8
0;85;7;9;122.00;IDS,Firewall,Proxy;7,[9],[9],[9]
0;86;7;10;208.00;IDS,Firewall,Proxy;7,[9],[9],[9],10
0;87;7;11;476.00;IDS,Proxy,Firewall;7,4,[1],[1],[1],11
0;88;8;0;194.00;Firewall,IDS,Proxy;8,[11],[11],[11],1,0
0;89;8;1;193.00;Proxy,IDS,Firewall;8,[11],[11],[11],1
0;90;8;2;202.00;IDS,Proxy,Firewall;8,[11],[11],[11],8,2
0;91;8;3;299.00;Firewall,IDS,Proxy;8,2,5,6,[3],[3],[3]
0;92;8;4;310.00;Firewall,Proxy,IDS;8,11,1,[4],[4],[4]
0;93;8;5;182.00;Firewall,Proxy,IDS;8,2,[5],[5],[5]
0;94;8;6;236.00;Firewall,Proxy,IDS;8,2,[5],[5],[5],6
0;95;8;7;464.00;IDS,Firewall,Proxy;8,2,5,6,[3],[3],[3],9,7
0;96;8;9;428.00;IDS,Proxy,Firewall;8,2,5,6,[3],[3],[3],9
0;97;8;10;508.00;IDS,Firewall,Proxy;8,2,[5],[5],[5],6,3,10
0;98;8;11;109.00;Firewall,IDS,Proxy;8,[11],[11],[11]
0;99;9;0;391.00;Proxy,IDS,Firewall;9,[3],[3],[3],6,5,1,0
0;100;9;1;390.00;IDS,Firewall,Proxy;9,3,6,5,[1],[1],[1]
0;101;9;2;358.00;Firewall,IDS,Proxy;9,3,6,[5],[5],[5],2
0;102;9;3;215.00;IDS,Firewall,Proxy;[9],[9],[9],3
0;103;9;4;311.00;IDS,Firewall,Proxy;9,7,[4],[4],[4]
0;104;9;5;332.00;Proxy,IDS,Firewall;[9],[9],[9],3,6,5
0;105;9;6;278.00;Proxy,IDS,Firewall;[9],[9],[9],3,6
0;106;9;7;122.00;IDS,Firewall,Proxy;[9],[9],[9],7
0;107;9;8;428.00;Proxy,IDS,Firewall;[9],[9],[9],3,6,5,2,8
0;108;9;10;172.00;IDS,Firewall,Proxy;[9],[9],[9],10
0;109;9;11;451.00;Proxy,Firewall,IDS;9,3,6,[5],[5],[5],2,8,11
0;110;10;0;471.00;Firewall,IDS,Proxy;10,3,6,[5],[5],[5],1,0
0;111;10;1;470.00;IDS,Proxy,Firewall;10,[3],[3],[3],6,5,1
0;112;10;2;438.00;Proxy,Firewall,IDS;[10],[10],[10],3,6,5,2
0;113;10;3;295.00;IDS,Firewall,Proxy;[10],[10],[10],3
0;114;10;4;397.00;Firewall,Proxy,IDS;[10],[10],[10],9,7,4
0;115;10;5;412.00;Proxy,IDS,Firewall;10,3,6,[5],[5],[5]
0;116;10;6;358.00;Firewall,IDS,Proxy;10,[3],[3],[3],6
0;117;10;7;208.00;Firewall,Proxy,IDS;10,[9],[9],[9],7
0;118;10;8;508.00;IDS,Firewall,Proxy;[10],[10],[10],3,6,5,2,8
0;119;10;9;172.00;Firewall,IDS,Proxy;10,[9],[9],[9]
0;120;10;11;531.00;Firewall,Proxy,IDS;10,[3],[3],[3],6,5,2,8,11
0;121;11;0;171.00;Proxy,IDS,Firewall;11,[1],[1],[1],0
0;122;11;1;170.00;IDS,Proxy,Firewall;[11],[11],[11],1
0;123;11;2;179.00;IDS,Firewall,Proxy;[11],[11],[11],8,2
0;124;11;3;322.00;Firewall,IDS,Proxy;[11],[11],[11],8,2,5,6,3
0;125;11;4;287.00;Firewall,IDS,Proxy;[11],[11],[11],1,4
0;126;11;5;205.00;Proxy,Firewall,IDS;11,8,2,[5],[5],[5]
0;127;11;6;259.00;Proxy,IDS,Firewall;[11],[11],[11],8,2,5,6
0;128;11;7;476.00;Proxy,IDS,Firewall;11,[1],[1],[1],4,7
0;129;11;8;109.00;Proxy,Firewall,IDS;[11],[11],[11],8
0;130;11;9;451.00;IDS,Firewall,Proxy;11,8,2,5,6,[3],[3],[3],9
0;131;11;10;531.00;Proxy,Firewall,IDS;11,8,2,5,6,3,[10],[10],[10]
1;0;0;1;87.00;Proxy,IDS,Firewall;0,[1],[1],[1]
1;1;0;2;171.00;IDS,Proxy,Firewall;0,[1],[1],[1],5,2
1;2;0;3;262.00;IDS,Proxy,Firewall;0,[1],[1],[1],5,6,3
1;3;0;4;204.00;Proxy,IDS,Firewall;0,1,[4],[4],[4]
1;4;0;5;145.00;Firewall,Proxy,IDS;0,[1],[1],[1],5
1;5;0;6;199.00;IDS,Proxy,Firewall;0,[1],[1],[1],5,6
1;6;0;7;393.00;Proxy,Firewall,IDS;0,1,[4],[4],[4],7
1;7;0;8;194.00;Proxy,Firewall,IDS;0,[1],[1],[1],11,8
1;8;0;9;391.00;Proxy,IDS,Firewall;0,[1],[1],[1],5,6,3,9
1;9;0;10;471.00;Proxy,Firewall,IDS;0,1,5,6,3,[10],[10],[10]
1;10;0;11;171.00;IDS,Firewall,Proxy;0,[1],[1],[1],11
1;11;1;0;87.00;IDS,Firewall,Proxy;[1],[1],[1],0
1;12;1;2;170.00;IDS,Proxy,Firewall;[1],[1],[1],5,2
1;13;1;3;261.00;Firewall,Proxy,IDS;1,5,6,[3],[3],[3]
1;14;1;4;203.00;Firewall,Proxy,IDS;1,[4],[4],[4]
1;15;1;5;144.00;IDS,Proxy,Firewall;[1],[1],[1],5
1;16;1;6;198.00;IDS,Proxy,Firewall;1,[5],[5],[5],6
1;17;1;7;392.00;IDS,Proxy,Firewall;1,[4],[4],[4],7
1;18;1;8;193.00;Proxy,Firewall,IDS;[1],[1],[1],11,8
1;19;1;9;390.00;Firewall,Proxy,IDS;1,[5],[5],[5],6,3,9
1;20;1;10;470.00;Firewall,Proxy,IDS;1,[5],[5],[5],6,3,10
1;21;1;11;170.00;Proxy,Firewall,IDS;1,[11],[11],[11]
1;22;2;0;171.00;Firewall,IDS,Proxy;2,5,[1],[1],[1],0
1;23;2;1;170.00;IDS,Proxy,Firewall;2,[5],[5],[5],1
1;24;2;3;229.00;IDS,Firewall,Proxy;2,[5],[5],[5],6,3
1;25;2;4;256.00;Firewall,IDS,Proxy;2,5,6,[4],[4],[4]
1;26;2;5;112.00;Proxy,Firewall,IDS;2,[5],[5],[5]
1;27;2;6;166.00;Firewall,IDS,Proxy;2,[5],[5],[5],6
1;28;2;7;394.00;Proxy,Firewall,IDS;2,5,6,3,[9],[9],[9],7
1;29;2;8;202.00;Proxy,IDS,Firewall;2,8,[11],[11],[11],8
1;30;2;9;358.00;IDS,Proxy,Firewall;2,5,6,[3],[3],[3],9
1;31;2;10;438.00;Firewall,IDS,Proxy;2,5,6,3,[10],[10],[10]
1;32;2;11;179.00;Firewall,Proxy,IDS;2,8,[11],[11],[11]
1;33;3;0;262.00;Firewall,IDS,Proxy;[3],[3],[3],6,5,1,0
1;34;3;1;261.00;IDS,Proxy,Firewall;[3],[3],[3],6,5,1
1;35;3;2;229.00;Firewall,Proxy,IDS;3,6,[5],[5],[5],2
1;36;3;4;239.00;Proxy,IDS,Firewall;3,6,[4],[4],[4]
1;37;3;5;203.00;IDS,Firewall,Proxy;3,6,[5],[5],[5]
1;38;3;6;149.00;IDS,Proxy,Firewall;[3],[3],[3],6
1;39;3;7;251.00;IDS,Firewall,Proxy;3,[9],[9],[9],7
1;40;3;8;299.00;IDS,Firewall,Proxy;[3],[3],[3],6,5,2,8
1;41;3;9;215.00;IDS,Firewall,Proxy;3,[9],[9],[9]
1;42;3;10;295.00;IDS,Proxy,Firewall;3,[10],[10],[10]
1;43;3;11;322.00;Proxy,Firewall,IDS;3,6,5,2,8,[11],[11],[11]
1;44;4;0;204.00;IDS,Proxy,Firewall;[4],[4],[4],1,0
1;45;4;1;203.00;IDS,Firewall,Proxy;[4],[4],[4],1
1;46;4;2;256.00;IDS,Proxy,Firewall;[4],[4],[4],6,5,2
1;47;4;3;239.00;Firewall,Proxy,IDS;4,6,[3],[3],[3]
1;48;4;5;230.00;IDS,Proxy,Firewall;[4],[4],[4],6,5
1;49;4;6;176.00;Firewall,Proxy,IDS;[4],[4],[4],6
1;50;4;7;275.00;IDS,Firewall,Proxy;[4],[4],[4],7
1;51;4;8;310.00;IDS,Proxy,Firewall;[4],[4],[4],1,11,8
1;52;4;9;311.00;IDS,Firewall,Proxy;4,7,[9],[9],[9]
1;53;4;10;397.00;Firewall,IDS,Proxy;4,7,9,[10],[10],[10]
1;54;4;11;287.00;Proxy,IDS,Firewall;[4],[4],[4],1,11
1;55;5;0;145.00;IDS,Firewall,Proxy;5,[1],[1],[1],0
1;56;5;1;144.00;Proxy,IDS,Firewall;[5],[5],[5],1
1;57;5;2;112.00;Firewall,IDS,Proxy;[5],[5],[5],2
1;58;5;3;203.00;IDS,Firewall,Proxy;[5],[5],[5],6,3
1;59;5;4;230.00;Firewall,Proxy,IDS;[5],[5],[5],6,4
1;60;5;6;140.00;IDS,Proxy,Firewall;[5],[5],[5],6
1;61;5;7;368.00;Firewall,Proxy,IDS;[5],[5],[5],6,3,9,7
1;62;5;8;182.00;Firewall,Proxy,IDS;[5],[5],[5],2,8
1;63;5;9;332.00;IDS,Firewall,Proxy;5,6,3,[9],[9],[9]
1;64;5;10;412.00;IDS,Firewall,Proxy;[5],[5],[5],6,3,10
1;65;5;11;205.00;Proxy,IDS,Firewall;5,2,8,[11],[11],[11]
1;66;6;0;199.00;IDS,Firewall,Proxy;6,[5],[5],[5],1,0
1;67;6;1;198.00;Firewall,Proxy,IDS;6,5,[1],[1],[1]
1;68;6;2;166.00;Firewall,IDS,Proxy;6,[5],[5],[5],2
1;69;6;3;149.00;Firewall,Proxy,IDS;6,[3],[3],[3]
1;70;6;4;176.00;Firewall,Proxy,IDS;6,[4],[4],[4]
1;71;6;5;140.00;IDS,Firewall,Proxy;6,[5],[5],[5]
1;72;6;7;314.00;IDS,Proxy,Firewall;6,[3],[3],[3],9,7
1;73;6;8;236.00;Proxy,IDS,Firewall;6,[5],[5],[5],2,8
1;74;6;9;278.00;IDS,Proxy,Firewall;6,3,[9],[9],[9]
1;75;6;10;358.00;Firewall,Proxy,IDS;6,[3],[3],[3],10
1;76;6;11;259.00;Firewall,IDS,Proxy;6,[5],[5],[5],2,8,11
1;77;7;0;393.00;Firewall,IDS,Proxy;7,[4],[4],[4],1,0
1;78;7;1;392.00;Firewall,Proxy,IDS;7,4,[1],[1],[1]
1;79;7;2;394.00;Firewall,IDS,Proxy;7,9,[3],[3],[3],6,5,2
1;80;7;3;251.00;Proxy,Firewall,IDS;7,[9],[9],[9],3
1;81;7;4;275.00;IDS,Proxy,Firewall;7,[4],[4],[4]
1;82;7;5;368.00;IDS,Proxy,Firewall;7,9,[3],[3],[3],6,5
1;83;7;6;314.00;Firewall,Proxy,IDS;7,9,[3],[3],[3],6
1;131;11;10;531.00;Proxy,Firewall,IDS;11,8,2,5,6,3,[10],[10],[10]
1;85;7;9;122.00;IDS,Firewall,Proxy;7,[9],[9],[9]
1;86;7;10;208.00;IDS,Firewall,Proxy;7,[9],[9],[9],10
1;87;7;11;476.00;IDS,Proxy,Firewall;7,4,[1],[1],[1],11
1;88;8;0;194.00;Firewall,IDS,Proxy;8,[11],[11],[11],1,0
1;89;8;1;193.00;Proxy,IDS,Firewall;8,[11],[11],[11],1
1;90;8;2;202.00;IDS,Proxy,Firewall;8,[11],[11],[11],8,2
1;91;8;3;299.00;Firewall,IDS,Proxy;8,2,5,6,[3],[3],[3]
1;92;8;4;310.00;Firewall,Proxy,IDS;8,11,1,[4],[4],[4]
1;93;8;5;182.00;Firewall,Proxy,IDS;8,2,[5],[5],[5]
1;94;8;6;236.00;Firewall,Proxy,IDS;8,2,[5],[5],[5],6
1;95;8;7;464.00;IDS,Firewall,Proxy;8,2,5,6,[3],[3],[3],9,7
1;96;8;9;428.00;IDS,Proxy,Firewall;8,2,5,6,[3],[3],[3],9
1;97;8;10;508.00;IDS,Firewall,Proxy;8,2,[5],[5],[5],6,3,10
1;98;8;11;109.00;Firewall,IDS,Proxy;8,[11],[11],[11]
1;99;9;0;391.00;Proxy,IDS,Firewall;9,[3],[3],[3],6,5,1,0
1;100;9;1;390.00;IDS,Firewall,Proxy;9,3,6,5,[1],[1],[1]
1;101;9;2;358.00;Firewall,IDS,Proxy;9,3,6,[5],[5],[5],2
1;102;9;3;215.00;IDS,Firewall,Proxy;[9],[9],[9],3
1;103;9;4;311.00;IDS,Firewall,Proxy;9,7,[4],[4],[4]
1;104;9;5;332.00;Proxy,IDS,Firewall;[9],[9],[9],3,6,5
1;105;9;6;278.00;Proxy,IDS,Firewall;[9],[9],[9],3,6
1;106;9;7;122.00;IDS,Firewall,Proxy;[9],[9],[9],7
1;107;9;8;428.00;Proxy,IDS,Firewall;[9],[9],[9],3,6,5,2,8
1;108;9;10;172.00;IDS,Firewall,Proxy;[9],[9],[9],10
1;109;9;11;451.00;Proxy,Firewall,IDS;9,3,6,[5],[5],[5],2,8,11
1;110;10;0;471.00;Firewall,IDS,Proxy;10,3,6,[5],[5],[5],1,0
1;111;10;1;470.00;IDS,Proxy,Firewall;10,[3],[3],[3],6,5,1
1;112;10;2;438.00;Proxy,Firewall,IDS;[10],[10],[10],3,6,5,2
1;113;10;3;295.00;IDS,Firewall,Proxy;[10],[10],[10],3
1;114;10;4;397.00;Firewall,Proxy,IDS;[10],[10],[10],9,7,4
1;115;10;5;412.00;Proxy,IDS,Firewall;10,3,6,[5],[5],[5]
1;116;10;6;358.00;Firewall,IDS,Proxy;10,[3],[3],[3],6
1;117;10;7;208.00;Firewall,Proxy,IDS;10,[9],[9],[9],7
1;118;10;8;508.00;IDS,Firewall,Proxy;[10],[10],[10],3,6,5,2,8
1;119;10;9;172.00;Firewall,IDS,Proxy;10,[9],[9],[9]
1;120;10;11;531.00;Firewall,Proxy,IDS;10,[3],[3],[3],6,5,2,8,11
1;121;11;0;171.00;Proxy,IDS,Firewall;11,[1],[1],[1],0
1;122;11;1;170.00;IDS,Proxy,Firewall;[11],[11],[11],1
1;123;11;2;179.00;IDS,Firewall,Proxy;[11],[11],[11],8,2
1;124;11;3;322.00;Firewall,IDS,Proxy;[11],[11],[11],8,2,5,6,3
1;125;11;4;287.00;Firewall,IDS,Proxy;[11],[11],[11],1,4
1;126;11;5;205.00;Proxy,Firewall,IDS;11,8,2,[5],[5],[5]
1;127;11;6;259.00;Proxy,IDS,Firewall;[11],[11],[11],8,2,5,6
1;128;11;7;476.00;Proxy,IDS,Firewall;11,[1],[1],[1],4,7
1;129;11;8;109.00;Proxy,Firewall,IDS;[11],[11],[11],8
1;130;11;9;451.00;IDS,Firewall,Proxy;11,8,2,5,6,[3],[3],[3],9
1;84;7;8;630.00;IDS,Firewall,Proxy;7,9,[10],[10],[10],3,6,5,2,8
2;33;3;0;525.00;Firewall,IDS,Proxy;3,6,4,1,[11],[11],[11],1,0
2;1;0;2;171.00;IDS,Proxy,Firewall;0,[1],[1],[1],5,2
2;2;0;3;262.00;IDS,Proxy,Firewall;0,[1],[1],[1],5,6,3
2;3;0;4;204.00;Proxy,IDS,Firewall;0,[1],[1],[1],4
2;4;0;5;145.00;Firewall,Proxy,IDS;0,[1],[1],[1],5
2;5;0;6;199.00;IDS,Proxy,Firewall;0,[1],[1],[1],5,6
2;6;0;7;393.00;Proxy,Firewall,IDS;0,[1],[1],[1],4,7
2;7;0;8;194.00;Proxy,Firewall,IDS;0,1,[11],[11],[11],8
2;8;0;9;391.00;Proxy,IDS,Firewall;0,1,5,6,3,[9],[9],[9]
2;9;0;10;471.00;Proxy,Firewall,IDS;0,1,[5],[5],[5],6,3,10
2;130;11;9;451.00;IDS,Firewall,Proxy;[11],[11],[11],8,2,5,6,3,9
2;11;1;0;87.00;IDS,Firewall,Proxy;[1],[1],[1],0
2;129;11;8;109.00;Proxy,Firewall,IDS;[11],[11],[11],8
2;13;1;3;261.00;Firewall,Proxy,IDS;1,5,6,[3],[3],[3]
2;14;1;4;203.00;Firewall,Proxy,IDS;1,[4],[4],[4]
2;125;11;4;287.00;Firewall,IDS,Proxy;[11],[11],[11],1,4
2;16;1;6;198.00;IDS,Proxy,Firewall;[1],[1],[1],5,6
2;17;1;7;392.00;IDS,Proxy,Firewall;1,[4],[4],[4],7
2;0;0;1;87.00;Proxy,IDS,Firewall;0,[1],[1],[1]
2;19;1;9;390.00;Firewall,Proxy,IDS;1,[5],[5],[5],6,3,9
2;20;1;10;470.00;Firewall,Proxy,IDS;1,5,6,[3],[3],[3],10
2;21;1;11;170.00;Proxy,Firewall,IDS;1,[11],[11],[11]
2;63;5;9;570.00;IDS,Firewall,Proxy;5,2,8,[11],[11],[11],8,2,5,6,3,9
2;23;2;1;170.00;IDS,Proxy,Firewall;2,[5],[5],[5],1
2;24;2;3;229.00;IDS,Firewall,Proxy;2,5,6,[3],[3],[3]
2;25;2;4;256.00;Firewall,IDS,Proxy;2,5,6,[4],[4],[4]
2;26;2;5;112.00;Proxy,Firewall,IDS;2,[5],[5],[5]
2;27;2;6;166.00;Firewall,IDS,Proxy;2,[5],[5],[5],6
2;28;2;7;394.00;Proxy,Firewall,IDS;2,5,6,3,[9],[9],[9],7
2;29;2;8;202.00;Proxy,IDS,Firewall;2,8,[11],[11],[11],8
2;30;2;9;358.00;IDS,Proxy,Firewall;2,[5],[5],[5],6,3,9
2;31;2;10;438.00;Firewall,IDS,Proxy;2,5,6,[3],[3],[3],10
2;32;2;11;179.00;Firewall,Proxy,IDS;2,8,[11],[11],[11]
2;65;5;11;205.00;Proxy,IDS,Firewall;[5],[5],2,8,[11]
2;34;3;1;261.00;IDS,Proxy,Firewall;3,6,[5],[5],[5],1
2;35;3;2;229.00;Firewall,Proxy,IDS;3,6,[5],[5],[5],2
2;36;3;4;239.00;Proxy,IDS,Firewall;[3],[3],[3],6,4
2;37;3;5;203.00;IDS,Firewall,Proxy;[3],[3],[3],6,5
2;38;3;6;149.00;IDS,Proxy,Firewall;[3],[3],[3],6
2;39;3;7;251.00;IDS,Firewall,Proxy;3,[9],[9],[9],7
2;40;3;8;299.00;IDS,Firewall,Proxy;[3],[3],[3],6,5,2,8
2;41;3;9;215.00;IDS,Firewall,Proxy;3,[9],[9],[9]
2;87;7;11;487.00;IDS,Proxy,Firewall;7,[9],3,6,5,2,8,[11],[11]
2;43;3;11;322.00;Proxy,Firewall,IDS;3,6,5,2,8,[11],[11],[11]
2;44;4;0;204.00;IDS,Proxy,Firewall;[4],[4],[4],1,0
2;45;4;1;203.00;IDS,Firewall,Proxy;[4],[4],[4],1
2;75;6;10;466.00;Firewall,Proxy,IDS;6,[5],[5],6,[3],10
2;47;4;3;239.00;Firewall,Proxy,IDS;4,6,[3],[3],[3]
2;48;4;5;230.00;IDS,Proxy,Firewall;4,6,[5],[5],[5]
2;49;4;6;176.00;Firewall,Proxy,IDS;[4],[4],[4],6
2;50;4;7;275.00;IDS,Firewall,Proxy;[4],[4],[4],7
2;51;4;8;310.00;IDS,Proxy,Firewall;4,1,[11],[11],[11],8
2;52;4;9;311.00;IDS,Firewall,Proxy;4,7,[9],[9],[9]
2;53;4;10;397.00;Firewall,IDS,Proxy;[4],[4],[4],7,9,10
2;54;4;11;287.00;Proxy,IDS,Firewall;[4],[4],1,[11]
2;86;7;10;466.00;IDS,Firewall,Proxy;7,[9],[3],[9],10
2;56;5;1;144.00;Proxy,IDS,Firewall;[5],[5],[5],1
2;57;5;2;112.00;Firewall,IDS,Proxy;[5],[5],[5],2
2;58;5;3;203.00;IDS,Firewall,Proxy;5,6,[3],[3],[3]
2;59;5;4;230.00;Firewall,Proxy,IDS;[5],[5],[5],6,4
2;112;10;2;647.00;Proxy,Firewall,IDS;10,3,6,5,[1],[1],[11],8,2
2;61;5;7;368.00;Firewall,Proxy,IDS;5,6,3,[9],[9],[9],7
2;62;5;8;182.00;Firewall,Proxy,IDS;[5],[5],[5],2,8
2;42;3;10;529.00;IDS,Proxy,Firewall;3,6,[5],6,[3],[3],10
2;113;10;3;535.00;IDS,Firewall,Proxy;10,[9],[3],6,[5],6,3
2;78;7;1;392.00;Firewall,Proxy,IDS;7,[4],[4],[1]
2;66;6;0;199.00;IDS,Firewall,Proxy;6,[5],[5],[5],1,0
2;114;10;4;454.00;Firewall,Proxy,IDS;10,[9],[9],[3],6,4
2;68;6;2;166.00;Firewall,IDS,Proxy;6,[5],[5],[5],2
2;69;6;3;149.00;Firewall,Proxy,IDS;6,[3],[3],[3]
2;70;6;4;176.00;Firewall,Proxy,IDS;6,[4],[4],[4]
2;116;10;6;622.00;Firewall,IDS,Proxy;10,[9],[3],[9],3,6
2;72;6;7;314.00;IDS,Proxy,Firewall;6,[3],[3],[3],9,7
2;73;6;8;236.00;Proxy,IDS,Firewall;6,[5],[5],[5],2,8
2;74;6;9;278.00;IDS,Proxy,Firewall;6,3,[9],[9],[9]
2;126;11;5;205.00;Proxy,Firewall,IDS;[11],8,2,[5],[5]
2;88;8;0;194.00;Firewall,IDS,Proxy;8,[11],[1],[1],0
2;77;7;0;393.00;Firewall,IDS,Proxy;7,4,[1],[1],[1],0
2;121;11;0;171.00;Proxy,IDS,Firewall;[11],[11],[11],1,0
2;79;7;2;394.00;Firewall,IDS,Proxy;7,9,3,6,[5],[5],[5],2
2;80;7;3;251.00;Proxy,Firewall,IDS;7,[9],[9],[9],3
2;81;7;4;275.00;IDS,Proxy,Firewall;7,[4],[4],[4]
2;82;7;5;368.00;IDS,Proxy,Firewall;7,9,3,6,[5],[5],[5]
2;83;7;6;314.00;Firewall,Proxy,IDS;7,[9],[9],[9],3,6
2;84;7;8;464.00;IDS,Firewall,Proxy;7,9,[3],[3],[3],6,5,2,8
2;85;7;9;122.00;IDS,Firewall,Proxy;7,[9],[9],[9]
2;127;11;6;259.00;Proxy,IDS,Firewall;[11],8,2,[5],[5],6
2;124;11;3;322.00;Firewall,IDS,Proxy;[11],[11],[11],8,2,5,6,3
2;15;1;5;144.00;IDS,Proxy,Firewall;[1],[1],[5]
2;89;8;1;193.00;Proxy,IDS,Firewall;8,[11],[11],[11],1
2;90;8;2;202.00;IDS,Proxy,Firewall;8,[11],[11],[11],8,2
2;91;8;3;299.00;Firewall,IDS,Proxy;8,2,5,6,[3],[3],[3]
2;123;11;2;179.00;IDS,Firewall,Proxy;[11],[11],[11],8,2
2;93;8;5;182.00;Firewall,Proxy,IDS;8,2,[5],[5],[5]
2;94;8;6;236.00;Firewall,Proxy,IDS;8,2,[5],[5],[5],6
2;119;10;9;622.00;Firewall,IDS,Proxy;10,[9],[9],7,[4],7,9
2;96;8;9;428.00;IDS,Proxy,Firewall;8,2,5,6,3,[9],[9],[9]
2;97;8;10;508.00;IDS,Firewall,Proxy;8,2,5,6,[3],[3],[3],10
2;98;8;11;109.00;Firewall,IDS,Proxy;8,[11],[11],[11]
2;99;9;0;391.00;Proxy,IDS,Firewall;9,3,6,5,[1],[1],[1],0
2;100;9;1;390.00;IDS,Firewall,Proxy;9,3,6,5,[1],[1],[1]
2;101;9;2;358.00;Firewall,IDS,Proxy;9,3,6,[5],[5],[5],2
2;102;9;3;215.00;IDS,Firewall,Proxy;[9],[9],[9],3
2;103;9;4;311.00;IDS,Firewall,Proxy;[9],[9],[9],7,4
2;104;9;5;332.00;Proxy,IDS,Firewall;[9],[9],[9],3,6,5
2;105;9;6;278.00;Proxy,IDS,Firewall;[9],[9],[9],3,6
2;106;9;7;122.00;IDS,Firewall,Proxy;[9],[9],[9],7
2;107;9;8;428.00;Proxy,IDS,Firewall;9,3,6,[5],[5],[5],2,8
2;108;9;10;172.00;IDS,Firewall,Proxy;[9],[9],[9],10
2;10;0;11;171.00;IDS,Firewall,Proxy;0,1,[11],[11],[11]
2;110;10;0;471.00;Firewall,IDS,Proxy;10,[3],[3],[3],6,5,1,0
2;111;10;1;470.00;IDS,Proxy,Firewall;10,3,6,5,[1],[1],[1]
2;76;6;11;259.00;Firewall,IDS,Proxy;6,[5],[5],2,8,[11]
2;109;9;11;451.00;Proxy,Firewall,IDS;9,3,6,5,2,8,[11],[11],[11]
2;12;1;2;379.00;IDS,Proxy,Firewall;1,[5],1,[11],[11],8,2
2;120;10;11;531.00;Firewall,Proxy,IDS;10,[3],6,5,2,8,[11],[11]
2;128;11;7;476.00;Proxy,IDS,Firewall;[11],1,[4],[4],7
2;117;10;7;208.00;Firewall,Proxy,IDS;10,[9],[9],[9],7
2;118;10;8;508.00;IDS,Firewall,Proxy;10,3,6,[5],[5],[5],2,8
2;92;8;4;310.00;Firewall,Proxy,IDS;8,[11],[11],1,[4]
2;122;11;1;170.00;IDS,Proxy,Firewall;[11],[11],[11],1
2;18;1;8;193.00;Proxy,Firewall,IDS;1,[11],[11],[11],8
2;131;11;10;531.00;Proxy,Firewall,IDS;[11],8,2,5,6,[3],[3],10
2;115;10;5;541.00;Proxy,IDS,Firewall;10,9,7,[4],[4],[4],6,5
2;95;8;7;667.00;IDS,Firewall,Proxy;8,11,[1],[11],1,[4],7
2;71;6;5;256.00;IDS,Firewall,Proxy;6,[5],[1],[5]
2;67;6;1;409.00;Firewall,Proxy,IDS;6,[4],1,[5],[1]
2;64;5;10;572.00;IDS,Firewall,Proxy;5,[1],[1],4,7,[9],10
2;60;5;6;446.00;IDS,Proxy,Firewall;5,6,[3],6,[4],[4],6
2;55;5;0;313.00;IDS,Firewall,Proxy;5,[1],[1],[11],1,0
2;46;4;2;616.00;IDS,Proxy,Firewall;4,[1],[4],6,[3],6,5,2
2;22;2;0;701.00;Firewall,IDS,Proxy;2,5,6,3,[9],7,[4],[4],1,0
3;0;0;1;87.00;Proxy,IDS,Firewall;0,[1],[1],[1]
3;1;0;2;171.00;IDS,Proxy,Firewall;0,1,[5],[5],[5],2
3;131;11;10;531.00;Proxy,Firewall,IDS;[11],[11],[11],8,2,5,6,3,10
3;120;10;11;598.00;Firewall,Proxy,IDS;[10],9,7,4,1,[11],[11]
3;4;0;5;145.00;Firewall,Proxy,IDS;0,[1],[1],[1],5
3;72;6;7;652.00;IDS,Proxy,Firewall;6,3,[10],[9],[10],9,7
3;128;11;7;720.00;Proxy,IDS,Firewall;[11],1,[4],7,9,[10],9,7
3;95;8;7;499.00;IDS,Firewall,Proxy;8,[11],[11],[11],1,4,7
3;6;0;7;522.00;Proxy,Firewall,IDS;0,1,4,6,[3],[3],[3],9,7
3;71;6;5;690.00;IDS,Firewall,Proxy;6,[3],[9],[10],3,6,5
3;13;1;3;406.00;Firewall,Proxy,IDS;1,[11],[11],[11],8,2,5,6,3
3;63;5;9;332.00;IDS,Firewall,Proxy;[5],[5],6,[3],9
3;12;1;2;170.00;IDS,Proxy,Firewall;[1],[1],[1],5,2
3;26;2;5;298.00;Proxy,Firewall,IDS;2,8,[11],[11],[11],8,2,5
3;123;11;2;179.00;IDS,Firewall,Proxy;[11],[11],[11],8,2
3;129;11;8;109.00;Proxy,Firewall,IDS;[11],[11],[11],8
3;16;1;6;198.00;IDS,Proxy,Firewall;1,[5],[5],[5],6
3;17;1;7;392.00;IDS,Proxy,Firewall;[1],[1],[1],4,7
3;43;3;11;345.00;Proxy,Firewall,IDS;[3],[3],6,5,[1],11
3;19;1;9;651.00;Firewall,Proxy,IDS;1,4,6,[3],[3],[10],9
3;2;0;3;378.00;IDS,Proxy,Firewall;0,1,[5],[1],[1],5,6,3
3;33;3;0;520.00;Firewall,IDS,Proxy;[3],[3],[9],3,6,5,1,0
3;22;2;0;171.00;Firewall,IDS,Proxy;2,5,[1],[1],[1],0
3;23;2;1;170.00;IDS,Proxy,Firewall;2,5,[1],[1],[1]
3;100;9;1;556.00;IDS,Firewall,Proxy;9,[10],[3],6,5,[1]
3;57;5;2;228.00;Firewall,IDS,Proxy;5,[1],[1],[5],2
3;24;2;3;647.00;IDS,Firewall,Proxy;2,[5],[5],6,3,[10],3
3;9;0;10;471.00;Proxy,Firewall,IDS;0,1,[5],[5],6,[3],10
3;28;2;7;394.00;Proxy,Firewall,IDS;2,5,6,[3],[3],[3],9,7
3;77;7;0;593.00;Firewall,IDS,Proxy;7,9,[10],[10],[10],3,6,5,1,0
3;30;2;9;358.00;IDS,Proxy,Firewall;2,5,6,3,[9],[9],[9]
3;81;7;4;519.00;IDS,Proxy,Firewall;7,9,[10],[10],[9],7,4
3;14;1;4;203.00;Firewall,Proxy,IDS;[1],[1],[4]
3;106;9;7;546.00;IDS,Firewall,Proxy;9,[10],[10],[3],9,7
3;34;3;1;261.00;IDS,Proxy,Firewall;[3],[3],[3],6,5,1
3;35;3;2;229.00;Firewall,Proxy,IDS;[3],[3],[3],6,5,2
3;36;3;4;239.00;Proxy,IDS,Firewall;[3],[3],[3],6,4
3;37;3;5;203.00;IDS,Firewall,Proxy;[3],[3],[3],6,5
3;38;3;6;149.00;IDS,Proxy,Firewall;[3],[3],[3],6
3;39;3;7;251.00;IDS,Firewall,Proxy;[3],[3],[3],9,7
3;40;3;8;299.00;IDS,Firewall,Proxy;3,6,[5],[5],[5],2,8
3;41;3;9;215.00;IDS,Firewall,Proxy;[3],[3],[3],9
3;42;3;10;295.00;IDS,Proxy,Firewall;3,[10],[10],[10]
3;98;8;11;109.00;Firewall,IDS,Proxy;8,[11],[11],[11]
3;103;9;4;642.00;IDS,Firewall,Proxy;9,[10],[10],3,6,[5],6,4
3;70;6;4;410.00;Firewall,Proxy,IDS;6,[5],6,[3],[3],6,4
3;46;4;2;256.00;IDS,Proxy,Firewall;4,6,[5],[5],[5],2
3;47;4;3;239.00;Firewall,Proxy,IDS;4,6,[3],[3],[3]
3;88;8;0;475.00;Firewall,IDS,Proxy;8,2,[5],6,[3],[3],6,5,1,0
3;130;11;9;684.00;IDS,Firewall,Proxy;11,1,[4],7,9,[10],[10],9
3;118;10;8;577.00;IDS,Firewall,Proxy;10,[3],[3],6,5,[1],11,8
3;79;7;2;560.00;Firewall,IDS,Proxy;7,9,[10],[10],3,6,[5],2
3;52;4;9;311.00;IDS,Firewall,Proxy;4,7,[9],[9],[9]
3;53;4;10;397.00;Firewall,IDS,Proxy;4,7,[9],[9],[9],10
3;110;10;0;600.00;Firewall,IDS,Proxy;[10],9,7,[4],6,[5],1,0
3;85;7;9;380.00;IDS,Firewall,Proxy;7,9,[3],[3],[3],9
3;56;5;1;144.00;Proxy,IDS,Firewall;5,[1],[1],[1]
3;31;2;10;438.00;Firewall,IDS,Proxy;2,[5],[5],6,[3],10
3;58;5;3;203.00;IDS,Firewall,Proxy;5,6,[3],[3],[3]
3;32;2;11;179.00;Firewall,Proxy,IDS;2,8,[11],[11],[11]
3;109;9;11;451.00;Proxy,Firewall,IDS;[9],[9],3,6,5,2,8,[11]
3;55;5;0;379.00;IDS,Firewall,Proxy;5,6,[3],[3],6,[5],1,0
3;20;1;10;565.00;Firewall,Proxy,IDS;[1],[1],4,6,[3],10
3;125;11;4;287.00;Firewall,IDS,Proxy;[11],[11],[11],1,4
3;64;5;10;412.00;IDS,Firewall,Proxy;[5],[5],[5],6,3,10
3;66;6;0;621.00;IDS,Firewall,Proxy;6,[3],[9],[9],7,4,1,0
3;7;0;8;194.00;Proxy,Firewall,IDS;0,1,[11],[11],[11],8
3;49;4;6;302.00;Firewall,Proxy,IDS;4,6,[3],[3],[3],6
3;108;9;10;172.00;IDS,Firewall,Proxy;9,[10],[10],[10]
3;69;6;3;149.00;Firewall,Proxy,IDS;6,[3],[3],[3]
3;10;0;11;171.00;IDS,Firewall,Proxy;0,1,[11],[11],[11]
3;82;7;5;368.00;IDS,Proxy,Firewall;7,9,[3],6,[5],[5]
3;76;6;11;377.00;Firewall,IDS,Proxy;6,4,1,[11],[11],[11]
3;60;5;6;524.00;IDS,Proxy,Firewall;5,6,3,[9],[9],[3],6
3;74;6;9;278.00;IDS,Proxy,Firewall;6,3,[9],[9],[9]
3;75;6;10;358.00;Firewall,Proxy,IDS;6,[3],[3],[3],10
3;107;9;8;428.00;Proxy,IDS,Firewall;9,[3],[3],[3],6,5,2,8
3;59;5;4;230.00;Firewall,Proxy,IDS;[5],[5],6,[4]
3;112;10;2;444.00;Proxy,Firewall,IDS;10,[9],[9],[3],6,5,2
3;61;5;7;368.00;Firewall,Proxy,IDS;[5],6,[3],[3],9,7
3;80;7;3;251.00;Proxy,Firewall,IDS;7,[9],[9],[9],3
3;51;4;8;710.00;IDS,Proxy,Firewall;4,6,[3],[9],[3],6,5,2,8
3;122;11;1;170.00;IDS,Proxy,Firewall;[11],[11],[11],1
3;83;7;6;314.00;Firewall,Proxy,IDS;7,9,[3],[3],[3],6
3;84;7;8;464.00;IDS,Firewall,Proxy;7,[9],[9],[9],3,6,5,2,8
3;111;10;1;599.00;IDS,Proxy,Firewall;10,9,7,[4],6,[5],[5],1
3;86;7;10;208.00;IDS,Firewall,Proxy;7,[9],[9],[9],10
3;92;8;4;591.00;Firewall,Proxy,IDS;8,2,[5],6,[3],6,[5],1,4
3;93;8;5;251.00;Firewall,Proxy,IDS;8,[11],[11],[11],1,5
3;78;7;1;426.00;Firewall,Proxy,IDS;7,[9],[3],[3],6,5,1
3;65;5;11;228.00;Proxy,IDS,Firewall;5,1,[11],[11],[11]
3;91;8;3;299.00;Firewall,IDS,Proxy;8,2,[5],[5],[5],6,3
3;119;10;9;172.00;Firewall,IDS,Proxy;[10],[10],[10],9
3;115;10;5;412.00;Proxy,IDS,Firewall;[10],[10],[10],3,6,5
3;94;8;6;236.00;Firewall,Proxy,IDS;8,2,[5],[5],[5],6
3;114;10;4;397.00;Firewall,Proxy,IDS;10,[9],[9],[9],7,4
3;96;8;9;686.00;IDS,Proxy,Firewall;8,2,5,6,[3],[9],[3],9
3;97;8;10;508.00;IDS,Firewall,Proxy;8,2,5,6,[3],[3],[3],10
3;117;10;7;208.00;Firewall,Proxy,IDS;10,[9],[9],[9],7
3;99;9;0;391.00;Proxy,IDS,Firewall;[9],[9],[9],3,6,5,1,0
3;116;10;6;358.00;Firewall,IDS,Proxy;[10],[10],[10],3,6
3;101;9;2;358.00;Firewall,IDS,Proxy;9,[3],[3],[3],6,5,2
3;102;9;3;215.00;IDS,Firewall,Proxy;[9],[9],[9],3
3;113;10;3;295.00;IDS,Firewall,Proxy;[10],[10],[10],3
3;104;9;5;332.00;Proxy,IDS,Firewall;9,[3],[3],[3],6,5
3;105;9;6;278.00;Proxy,IDS,Firewall;[9],[9],[9],3,6
3;126;11;5;462.00;Proxy,Firewall,IDS;11,1,[5],6,[3],6,[5]
3;5;0;6;528.00;IDS,Proxy,Firewall;0,1,4,6,[3],[3],6,[5],6
3;8;0;9;545.00;Proxy,IDS,Firewall;0,1,[5],[5],[1],4,7,9
3;45;4;1;203.00;IDS,Firewall,Proxy;[4],[1],[1]
3;18;1;8;193.00;Proxy,Firewall,IDS;1,[11],[11],[11],8
3;90;8;2;202.00;IDS,Proxy,Firewall;8,[11],[11],[11],8,2
3;68;6;2;400.00;Firewall,IDS,Proxy;6,[5],6,[3],6,[5],2
3;54;4;11;287.00;Proxy,IDS,Firewall;4,1,[11],[11],[11]
3;87;7;11;476.00;IDS,Proxy,Firewall;7,4,1,[11],[11],[11]
3;124;11;3;440.00;Firewall,IDS,Proxy;[11],[11],[11],1,4,6,3
3;121;11;0;171.00;Proxy,IDS,Firewall;[11],[11],[11],1,0
3;29;2;8;202.00;Proxy,IDS,Firewall;2,8,[11],[11],[11],8
3;25;2;4;256.00;Firewall,IDS,Proxy;2,[5],[5],[5],6,4
3;67;6;1;343.00;Firewall,Proxy,IDS;6,5,2,8,[11],[11],[11],1
3;50;4;7;711.00;IDS,Firewall,Proxy;4,1,[11],[1],5,6,3,[9],7
3;21;1;11;170.00;Proxy,Firewall,IDS;[1],[1],[11]
3;15;1;5;312.00;IDS,Proxy,Firewall;1,[11],[11],[1],5
3;44;4;0;699.00;IDS,Proxy,Firewall;4,1,[11],[11],8,2,5,6,[3],6,5,1,0
3;48;4;5;429.00;IDS,Proxy,Firewall;4,1,[11],[11],1,[5]
3;73;6;8;305.00;Proxy,IDS,Firewall;6,[5],1,[11],[11],8
3;27;2;6;545.00;Firewall,IDS,Proxy;2,[5],1,[11],[11],1,4,6
3;62;5;8;251.00;Firewall,Proxy,IDS;[5],1,[11],[11],8
3;3;0;4;488.00;Proxy,IDS,Firewall;0,1,[11],[11],1,[5],1,4
3;89;8;1;309.00;Proxy,IDS,Firewall;8,[11],[11],1,[5],1
3;127;11;6;259.00;Proxy,IDS,Firewall;[11],[11],8,2,[5],6
3;11;1;0;255.00;IDS,Firewall,Proxy;1,[11],[11],[11],1,0
4;0;0;1;87.00;Proxy,IDS,Firewall;0,[1],[1],[1]
4;1;0;2;171.00;IDS,Proxy,Firewall;0,1,[5],[5],[5],2
4;11;1;0;255.00;IDS,Firewall,Proxy;1,[11],[11],[11],1,0
4;120;10;11;598.00;Firewall,Proxy,IDS;[10],9,7,4,1,[11],[11]
4;4;0;5;145.00;Firewall,Proxy,IDS;0,[1],[1],[1],5
4;72;6;7;652.00;IDS,Proxy,Firewall;6,3,[10],[9],[10],9,7
4;127;11;6;259.00;Proxy,IDS,Firewall;[11],[11],8,2,[5],6
4;95;8;7;499.00;IDS,Firewall,Proxy;8,[11],[11],[11],1,4,7
4;6;0;7;522.00;Proxy,Firewall,IDS;0,1,4,6,[3],[3],[3],9,7
4;71;6;5;690.00;IDS,Firewall,Proxy;6,[3],[9],[10],3,6,5
4;123;11;2;179.00;IDS,Firewall,Proxy;[11],[11],[11],8,2
4;63;5;9;332.00;IDS,Firewall,Proxy;[5],[5],6,[3],9
4;12;1;2;170.00;IDS,Proxy,Firewall;[1],[1],[1],5,2
4;51;4;8;310.00;IDS,Proxy,Firewall;4,1,[11],[11],[11],8
4;27;2;6;470.00;Firewall,IDS,Proxy;2,8,[11],[11],[11],1,4,6
4;129;11;8;109.00;Proxy,Firewall,IDS;[11],[11],[11],8
4;16;1;6;198.00;IDS,Proxy,Firewall;1,[5],[5],[5],6
4;17;1;7;392.00;IDS,Proxy,Firewall;[1],[1],[1],4,7
4;43;3;11;345.00;Proxy,Firewall,IDS;[3],[3],6,5,[1],11
4;19;1;9;651.00;Firewall,Proxy,IDS;1,4,6,[3],[3],[10],9
4;2;0;3;378.00;IDS,Proxy,Firewall;0,1,[5],[1],[1],5,6,3
4;48;4;5;429.00;IDS,Proxy,Firewall;4,1,[11],[11],[11],1,5
4;22;2;0;171.00;Firewall,IDS,Proxy;2,5,[1],[1],[1],0
4;23;2;1;170.00;IDS,Proxy,Firewall;2,5,[1],[1],[1]
4;100;9;1;556.00;IDS,Firewall,Proxy;9,[10],[3],6,5,[1]
4;57;5;2;228.00;Firewall,IDS,Proxy;5,[1],[1],[5],2
4;24;2;3;647.00;IDS,Firewall,Proxy;2,[5],[5],6,3,[10],3
4;9;0;10;471.00;Proxy,Firewall,IDS;0,1,[5],[5],6,[3],10
4;28;2;7;394.00;Proxy,Firewall,IDS;2,5,6,[3],[3],[3],9,7
4;77;7;0;593.00;Firewall,IDS,Proxy;7,9,[10],[10],[10],3,6,5,1,0
4;30;2;9;358.00;IDS,Proxy,Firewall;2,5,6,3,[9],[9],[9]
4;81;7;4;519.00;IDS,Proxy,Firewall;7,9,[10],[10],[9],7,4
4;14;1;4;203.00;Firewall,Proxy,IDS;[1],[1],[4]
4;106;9;7;546.00;IDS,Firewall,Proxy;9,[10],[10],[3],9,7
4;34;3;1;261.00;IDS,Proxy,Firewall;[3],[3],[3],6,5,1
4;35;3;2;229.00;Firewall,Proxy,IDS;[3],[3],[3],6,5,2
4;36;3;4;239.00;Proxy,IDS,Firewall;[3],[3],[3],6,4
4;37;3;5;203.00;IDS,Firewall,Proxy;[3],[3],[3],6,5
4;38;3;6;149.00;IDS,Proxy,Firewall;[3],[3],[3],6
4;39;3;7;251.00;IDS,Firewall,Proxy;[3],[3],[3],9,7
4;40;3;8;299.00;IDS,Firewall,Proxy;3,6,[5],[5],[5],2,8
4;41;3;9;215.00;IDS,Firewall,Proxy;[3],[3],[3],9
4;42;3;10;295.00;IDS,Proxy,Firewall;3,[10],[10],[10]
4;87;7;11;476.00;IDS,Proxy,Firewall;7,4,1,[11],[11],[11]
4;103;9;4;642.00;IDS,Firewall,Proxy;9,[10],[10],3,6,[5],6,4
4;70;6;4;410.00;Firewall,Proxy,IDS;6,[5],6,[3],[3],6,4
4;46;4;2;256.00;IDS,Proxy,Firewall;4,6,[5],[5],[5],2
4;47;4;3;239.00;Firewall,Proxy,IDS;4,6,[3],[3],[3]
4;88;8;0;475.00;Firewall,IDS,Proxy;8,2,[5],6,[3],[3],6,5,1,0
4;130;11;9;684.00;IDS,Firewall,Proxy;11,1,[4],7,9,[10],[10],9
4;118;10;8;577.00;IDS,Firewall,Proxy;10,[3],[3],6,5,[1],11,8
4;79;7;2;560.00;Firewall,IDS,Proxy;7,9,[10],[10],3,6,[5],2
4;52;4;9;311.00;IDS,Firewall,Proxy;4,7,[9],[9],[9]
4;53;4;10;397.00;Firewall,IDS,Proxy;4,7,[9],[9],[9],10
4;110;10;0;600.00;Firewall,IDS,Proxy;[10],9,7,[4],6,[5],1,0
4;85;7;9;380.00;IDS,Firewall,Proxy;7,9,[3],[3],[3],9
4;56;5;1;144.00;Proxy,IDS,Firewall;5,[1],[1],[1]
4;31;2;10;438.00;Firewall,IDS,Proxy;2,[5],[5],6,[3],10
4;58;5;3;203.00;IDS,Firewall,Proxy;5,6,[3],[3],[3]
4;25;2;4;455.00;Firewall,IDS,Proxy;2,[5],1,[11],[11],1,4
4;21;1;11;170.00;Proxy,Firewall,IDS;1,[11],[11],[11]
4;55;5;0;379.00;IDS,Firewall,Proxy;5,6,[3],[3],6,[5],1,0
4;20;1;10;565.00;Firewall,Proxy,IDS;[1],[1],4,6,[3],10
4;131;11;10;531.00;Proxy,Firewall,IDS;[11],[11],8,2,[5],6,3,10
4;64;5;10;412.00;IDS,Firewall,Proxy;[5],[5],[5],6,3,10
4;66;6;0;621.00;IDS,Firewall,Proxy;6,[3],[9],[9],7,4,1,0
4;109;9;11;451.00;Proxy,Firewall,IDS;[9],[9],[9],3,6,5,2,8,11
4;49;4;6;302.00;Firewall,Proxy,IDS;4,6,[3],[3],[3],6
4;108;9;10;172.00;IDS,Firewall,Proxy;9,[10],[10],[10]
4;69;6;3;149.00;Firewall,Proxy,IDS;6,[3],[3],[3]
4;10;0;11;171.00;IDS,Firewall,Proxy;0,1,[11],[11],[11]
4;82;7;5;368.00;IDS,Proxy,Firewall;7,9,[3],6,[5],[5]
4;128;11;7;476.00;Proxy,IDS,Firewall;[11],[11],[11],1,4,7
4;60;5;6;524.00;IDS,Proxy,Firewall;5,6,3,[9],[9],[3],6
4;74;6;9;278.00;IDS,Proxy,Firewall;6,3,[9],[9],[9]
4;75;6;10;358.00;Firewall,Proxy,IDS;6,[3],[3],[3],10
4;107;9;8;428.00;Proxy,IDS,Firewall;9,[3],[3],[3],6,5,2,8
4;59;5;4;230.00;Firewall,Proxy,IDS;[5],[5],6,[4]
4;112;10;2;444.00;Proxy,Firewall,IDS;10,[9],[9],[3],6,5,2
4;61;5;7;368.00;Firewall,Proxy,IDS;[5],6,[3],[3],9,7
4;80;7;3;251.00;Proxy,Firewall,IDS;7,[9],[9],[9],3
4;50;4;7;677.00;IDS,Firewall,Proxy;4,1,[11],[11],[11],1,4,7
4;122;11;1;170.00;IDS,Proxy,Firewall;[11],[11],[11],1
4;83;7;6;314.00;Firewall,Proxy,IDS;7,9,[3],[3],[3],6
4;84;7;8;464.00;IDS,Firewall,Proxy;7,[9],[9],[9],3,6,5,2,8
4;111;10;1;599.00;IDS,Proxy,Firewall;10,9,7,[4],6,[5],[5],1
4;86;7;10;208.00;IDS,Firewall,Proxy;7,[9],[9],[9],10
4;92;8;4;591.00;Firewall,Proxy,IDS;8,2,[5],6,[3],6,[5],1,4
4;18;1;8;193.00;Proxy,Firewall,IDS;1,[11],[11],[11],8
4;78;7;1;426.00;Firewall,Proxy,IDS;7,[9],[3],[3],6,5,1
4;65;5;11;228.00;Proxy,IDS,Firewall;5,1,[11],[11],[11]
4;91;8;3;299.00;Firewall,IDS,Proxy;8,2,[5],[5],[5],6,3
4;119;10;9;172.00;Firewall,IDS,Proxy;[10],[10],[10],9
4;115;10;5;412.00;Proxy,IDS,Firewall;[10],[10],[10],3,6,5
4;94;8;6;236.00;Firewall,Proxy,IDS;8,2,[5],[5],[5],6
4;114;10;4;397.00;Firewall,Proxy,IDS;10,[9],[9],[9],7,4
4;96;8;9;686.00;IDS,Proxy,Firewall;8,2,5,6,[3],[9],[3],9
4;97;8;10;508.00;IDS,Firewall,Proxy;8,2,5,6,[3],[3],[3],10
4;117;10;7;208.00;Firewall,Proxy,IDS;10,[9],[9],[9],7
4;99;9;0;391.00;Proxy,IDS,Firewall;[9],[9],[9],3,6,5,1,0
4;116;10;6;358.00;Firewall,IDS,Proxy;[10],[10],[10],3,6
4;101;9;2;358.00;Firewall,IDS,Proxy;9,[3],[3],[3],6,5,2
4;102;9;3;215.00;IDS,Firewall,Proxy;[9],[9],[9],3
4;113;10;3;295.00;IDS,Firewall,Proxy;[10],[10],[10],3
4;104;9;5;332.00;Proxy,IDS,Firewall;9,[3],[3],[3],6,5
4;105;9;6;278.00;Proxy,IDS,Firewall;[9],[9],[9],3,6
4;126;11;5;462.00;Proxy,Firewall,IDS;11,1,[5],6,[3],6,[5]
4;5;0;6;528.00;IDS,Proxy,Firewall;0,1,4,6,[3],[3],6,[5],6
4;8;0;9;545.00;Proxy,IDS,Firewall;0,1,[5],[5],[1],4,7,9
4;45;4;1;203.00;IDS,Firewall,Proxy;[4],[1],[1]
4;13;1;3;406.00;Firewall,Proxy,IDS;1,[11],[11],[11],8,2,5,6,3
4;90;8;2;202.00;IDS,Proxy,Firewall;8,[11],[11],[11],8,2
4;68;6;2;400.00;Firewall,IDS,Proxy;6,[5],6,[3],6,[5],2
4;54;4;11;287.00;Proxy,IDS,Firewall;4,1,[11],[11],[11]
4;121;11;0;171.00;Proxy,IDS,Firewall;[11],[11],[11],1,0
4;73;6;8;400.00;Proxy,IDS,Firewall;6,4,[1],[11],[11],8
4;125;11;4;287.00;Firewall,IDS,Proxy;[11],[11],[1],4
4;67;6;1;366.00;Firewall,Proxy,IDS;6,5,[1],[11],[11],1
4;26;2;5;489.00;Proxy,Firewall,IDS;2,8,[11],[1],[11],1,5
4;15;1;5;312.00;IDS,Proxy,Firewall;1,[11],[11],[1],5
4;7;0;8;194.00;Proxy,Firewall,IDS;0,1,[11],[11],[11],8
4;44;4;0;699.00;IDS,Proxy,Firewall;4,1,[11],[11],8,2,5,6,[3],6,5,1,0
4;124;11;3;641.00;Firewall,IDS,Proxy;[11],[11],1,4,7,[9],3
4;32;2;11;179.00;Firewall,Proxy,IDS;2,8,[11],[11],[11]
4;93;8;5;251.00;Firewall,Proxy,IDS;8,[11],[11],[11],1,5
4;98;8;11;109.00;Firewall,IDS,Proxy;8,[11],[11],[11]
4;76;6;11;377.00;Firewall,IDS,Proxy;6,4,1,[11],[11],[11]
4;29;2;8;417.00;Proxy,IDS,Firewall;2,8,[11],[11],1,[5],2,8
4;33;3;0;407.00;Firewall,IDS,Proxy;3,6,[5],2,8,[11],[11],1,0
4;89;8;1;286.00;Proxy,IDS,Firewall;8,[11],[11],8,2,[5],1
4;62;5;8;251.00;Firewall,Proxy,IDS;[5],1,[11],[11],8
4;3;0;4;488.00;Proxy,IDS,Firewall;0,1,[11],[11],1,[5],1,4
5;85;7;9;696.00;IDS,Firewall,Proxy;7,4,[1],[1],[5],6,3,9
5;2;0;3;407.00;IDS,Proxy,Firewall;0,1,[11],[11],[11],8,2,5,6,3
5;30;2;9;544.00;IDS,Proxy,Firewall;2,8,[11],[11],[11],8,2,5,6,3,9
5;23;2;1;263.00;IDS,Proxy,Firewall;2,8,[11],[11],[11],1
5;38;3;6;495.00;IDS,Proxy,Firewall;3,6,5,2,8,[11],[11],[11],8,2,5,6
5;125;11;4;571.00;Firewall,IDS,Proxy;[11],1,[5],1,[11],1,4
5;76;6;11;661.00;Firewall,IDS,Proxy;6,4,1,[11],[11],1,[5],1,11
5;28;2;7;641.00;Proxy,Firewall,IDS;2,8,[11],[11],1,4,7,[9],7
5;16;1;6;366.00;IDS,Proxy,Firewall;1,[11],[11],[1],5,6
5;89;8;1;408.00;Proxy,IDS,Firewall;8,2,[5],1,[11],[11],1
5;111;10;1;682.00;IDS,Proxy,Firewall;10,[9],7,4,1,[11],[11],1
5;131;11;10;531.00;Proxy,Firewall,IDS;11,8,2,5,6,3,[10],[10],[10]
5;102;9;3;615.00;IDS,Firewall,Proxy;[9],[10],3,6,[5],6,3
5;35;3;2;415.00;Firewall,Proxy,IDS;3,6,5,2,8,[11],[11],[11],8,2
5;79;7;2;569.00;Firewall,IDS,Proxy;7,4,1,[11],[11],[11],8,2
5;130;11;9;512.00;IDS,Firewall,Proxy;[11],[11],[11],1,4,7,9
5;51;4;8;426.00;IDS,Proxy,Firewall;4,1,[5],[5],1,[11],8
5;97;8;10;554.00;IDS,Firewall,Proxy;8,[11],[11],[11],8,2,5,6,3,10
5;33;3;0;724.00;Firewall,IDS,Proxy;3,[10],[10],[10],9,7,4,1,0
5;116;10;6;704.00;Firewall,IDS,Proxy;10,3,6,5,2,8,[11],[11],8,2,[5],6
5;20;1;10;470.00;Firewall,Proxy,IDS;1,5,6,3,[10],[10],[10]
5;21;1;11;170.00;Proxy,Firewall,IDS;1,[11],[11],[11]
5;1;0;2;548.00;IDS,Proxy,Firewall;0,1,[11],1,[5],1,[11],8,2
5;127;11;6;661.00;Proxy,IDS,Firewall;[11],1,[5],1,[11],1,4,6
5;43;3;11;560.00;Proxy,Firewall,IDS;3,6,[5],2,8,[11],8,2,[5],2,8,11
5;48;4;5;545.00;IDS,Proxy,Firewall;4,1,[11],1,[5],[1],5
5;101;9;2;605.00;Firewall,IDS,Proxy;9,7,4,1,[11],[11],[11],8,2
5;123;11;2;254.00;IDS,Firewall,Proxy;[11],[11],1,[5],2
5;40;3;8;723.00;IDS,Firewall,Proxy;3,[9],[10],[10],3,6,5,2,8
5;29;2;8;202.00;Proxy,IDS,Firewall;2,8,[11],[11],[11],8
5;80;7;3;712.00;Proxy,Firewall,IDS;7,4,1,[11],[11],[11],8,2,5,6,3
5;31;2;10;438.00;Firewall,IDS,Proxy;2,5,6,3,[10],[10],[10]
5;32;2;11;179.00;Firewall,Proxy,IDS;2,8,[11],[11],[11]
5;124;11;3;345.00;Firewall,IDS,Proxy;[11],[11],1,[5],6,3
5;74;6;9;624.00;IDS,Proxy,Firewall;6,5,2,8,[11],[11],[11],8,2,5,6,3,9
5;17;1;7;508.00;IDS,Proxy,Firewall;[1],[5],[1],4,7
5;103;9;4;714.00;IDS,Firewall,Proxy;9,3,6,5,2,8,[11],[11],8,2,[5],6,4
5;128;11;7;476.00;Proxy,IDS,Firewall;[11],[11],[11],1,4,7
5;113;10;3;651.00;IDS,Firewall,Proxy;10,[9],3,6,5,[1],[5],6,3
5;88;8;0;194.00;Firewall,IDS,Proxy;8,[11],[11],[11],1,0
5;54;4;11;287.00;Proxy,IDS,Firewall;4,1,[11],[11],[11]
5;70;6;4;460.00;Firewall,Proxy,IDS;6,5,2,8,[11],[11],[11],1,4
5;8;0;9;545.00;Proxy,IDS,Firewall;0,1,[5],[1],[1],4,7,9
5;12;1;2;454.00;IDS,Proxy,Firewall;1,[11],1,[5],[1],5,2
5;41;3;9;381.00;IDS,Firewall,Proxy;3,[10],[10],[10],9
5;55;5;0;313.00;IDS,Firewall,Proxy;5,1,[11],[11],[11],1,0
5;45;4;1;371.00;IDS,Firewall,Proxy;4,1,[11],[11],[11],1
5;83;7;6;486.00;Firewall,Proxy,IDS;7,9,[10],[10],[9],3,6
5;4;0;5;313.00;Firewall,Proxy,IDS;0,1,[11],[11],[11],1,5
5;10;0;11;171.00;IDS,Firewall,Proxy;0,1,[11],[11],[11]
5;81;7;4;543.00;IDS,Proxy,Firewall;7,[9],3,6,[5],[1],4
5;42;3;10;295.00;IDS,Proxy,Firewall;3,[10],[10],[10]
5;37;3;5;582.00;IDS,Firewall,Proxy;3,6,4,1,[11],[11],[11],1,5
5;53;4;10;397.00;Firewall,IDS,Proxy;4,7,9,[10],[10],[10]
5;25;2;4;380.00;Firewall,IDS,Proxy;2,8,[11],[11],[11],1,4
5;63;5;9;498.00;IDS,Firewall,Proxy;5,6,3,[10],[10],[10],9
5;69;6;3;518.00;Firewall,Proxy,IDS;6,5,2,8,[11],[11],[1],5,6,3
5;46;4;2;403.00;IDS,Proxy,Firewall;4,[1],[5],[1],5,2
5;129;11;8;109.00;Proxy,Firewall,IDS;[11],[11],[11],8
5;86;7;10;208.00;IDS,Firewall,Proxy;7,[9],[10],[10]
5;65;5;11;228.00;Proxy,IDS,Firewall;5,1,[11],[11],[11]
5;92;8;4;310.00;Firewall,Proxy,IDS;8,[11],[11],[11],1,4
5;87;7;11;476.00;IDS,Proxy,Firewall;7,4,1,[11],[11],[11]
5;66;6;0;367.00;IDS,Firewall,Proxy;6,[5],1,[11],[11],1,0
5;105;9;6;444.00;Proxy,IDS,Firewall;9,[10],[10],[10],3,6
5;50;4;7;677.00;IDS,Firewall,Proxy;4,1,[11],[11],[11],1,4,7
5;18;1;8;193.00;Proxy,Firewall,IDS;1,[11],[11],[11],8
5;62;5;8;251.00;Firewall,Proxy,IDS;5,1,[11],[11],[11],8
5;68;6;2;470.00;Firewall,IDS,Proxy;6,4,1,[11],[11],[11],8,2
5;112;10;2;438.00;Proxy,Firewall,IDS;[10],[10],[10],3,6,5,2
5;122;11;1;170.00;IDS,Proxy,Firewall;[11],[11],[11],1
5;106;9;7;294.00;IDS,Firewall,Proxy;[9],[10],[10],9,7
5;104;9;5;498.00;Proxy,IDS,Firewall;9,[10],[10],[10],3,6,5
5;108;9;10;172.00;IDS,Firewall,Proxy;9,[10],[10],[10]
5;57;5;2;321.00;Firewall,IDS,Proxy;5,1,[11],[11],[11],8,2
5;75;6;10;358.00;Firewall,Proxy,IDS;6,3,[10],[10],[10]
5;121;11;0;171.00;Proxy,IDS,Firewall;[11],[11],[11],1,0
5;39;3;7;601.00;IDS,Firewall,Proxy;3,6,5,[1],[1],[5],6,3,9,7
5;117;10;7;208.00;Firewall,Proxy,IDS;[10],[10],[10],9,7
5;5;0;6;344.00;IDS,Proxy,Firewall;0,1,[11],[11],[11],8,2,5,6
5;98;8;11;109.00;Firewall,IDS,Proxy;8,[11],[11],[11]
5;119;10;9;172.00;Firewall,IDS,Proxy;[10],[10],[10],9
5;72;6;7;620.00;IDS,Proxy,Firewall;6,5,[1],[5],[1],4,7
5;91;8;3;463.00;Firewall,IDS,Proxy;8,[11],[11],[11],1,4,6,3
5;36;3;4;641.00;Proxy,IDS,Firewall;3,6,4,1,[11],[11],[11],1,4
5;84;7;8;676.00;IDS,Firewall,Proxy;7,[9],[10],3,6,5,2,8,[11],8
5;14;1;4;433.00;Firewall,Proxy,IDS;1,[11],8,2,[5],[5],6,4
5;0;0;1;203.00;Proxy,IDS,Firewall;0,1,[5],[1],[1]
5;77;7;0;654.00;Firewall,IDS,Proxy;7,4,1,[11],8,2,[5],[5],1,0
5;44;4;0;372.00;IDS,Proxy,Firewall;4,1,[11],[11],[11],1,0
5;90;8;2;202.00;IDS,Proxy,Firewall;8,[11],[11],[11],8,2
5;15;1;5;382.00;IDS,Proxy,Firewall;1,[5],[5],2,8,[11],8,2,5
5;107;9;8;474.00;Proxy,IDS,Firewall;9,3,6,5,2,8,[11],[11],[11],8
5;22;2;0;264.00;Firewall,IDS,Proxy;2,8,[11],[11],[11],1,0
5;99;9;0;557.00;Proxy,IDS,Firewall;9,[10],3,6,[5],[1],0
5;78;7;1;560.00;Firewall,Proxy,IDS;7,4,1,[11],[11],[11],1
5;52;4;9;652.00;IDS,Firewall,Proxy;4,1,[11],[11],[11],8,2,5,6,3,9
5;126;11;5;512.00;Proxy,Firewall,IDS;11,1,[5],1,[11],[11],1,5
5;13;1;3;524.00;Firewall,Proxy,IDS;1,[11],[11],[11],1,4,6,3
5;82;7;5;534.00;IDS,Proxy,Firewall;7,[9],[10],[10],3,6,5
5;49;4;6;460.00;Firewall,Proxy,IDS;4,1,[11],[11],[11],8,2,5,6
5;114;10;4;397.00;Firewall,Proxy,IDS;[10],[10],[10],9,7,4
5;115;10;5;650.00;Proxy,IDS,Firewall;10,3,6,5,2,8,[11],[11],[11],8,2,5
5;58;5;3;441.00;IDS,Firewall,Proxy;[5],2,8,[11],8,2,[5],6,3
5;100;9;1;535.00;IDS,Firewall,Proxy;[9],3,6,5,2,8,[11],[11],1
5;34;3;1;664.00;IDS,Proxy,Firewall;3,[9],3,6,[5],2,8,[11],1
5;93;8;5;251.00;Firewall,Proxy,IDS;8,[11],1,[5],[5]
5;118;10;8;554.00;IDS,Firewall,Proxy;10,3,6,[5],2,8,[11],[11],8
5;110;10;0;616.00;Firewall,IDS,Proxy;10,3,6,5,2,8,[11],[11],[11],1,0
5;71;6;5;401.00;IDS,Firewall,Proxy;6,5,[1],[11],8,2,[5]
5;19;1;9;535.00;Firewall,Proxy,IDS;1,[11],8,2,[5],[5],6,3,9
5;61;5;7;595.00;Firewall,Proxy,IDS;5,2,8,[11],[11],[11],1,4,7
5;7;0;8;310.00;Proxy,Firewall,IDS;0,1,[5],1,[11],[11],8
5;59;5;4;713.00;Firewall,Proxy,IDS;5,1,[11],1,[5],1,[11],1,4
5;67;6;1;577.00;Firewall,Proxy,IDS;6,4,1,[11],1,[5],[5],1
5;120;10;11;647.00;Firewall,Proxy,IDS;10,3,6,5,[1],[5],[5],2,8,11
5;3;0;4;488.00;Proxy,IDS,Firewall;0,1,[5],1,[11],[11],1,4
5;11;1;0;255.00;IDS,Firewall,Proxy;1,[11],[11],[11],1,0
5;56;5;1;144.00;Proxy,IDS,Firewall;[5],[1],[1]
5;109;9;11;512.00;Proxy,Firewall,IDS;9,7,4,1,[11],[11],[11]
5;9;0;10;639.00;Proxy,Firewall,IDS;0,1,[11],[11],[1],5,6,3,10
5;60;5;6;401.00;IDS,Proxy,Firewall;5,[1],[11],[11],8,2,5,6
5;95;8;7;667.00;IDS,Firewall,Proxy;8,11,[1],[11],[11],1,4,7
5;26;2;5;321.00;Proxy,Firewall,IDS;2,8,[11],[11],[1],5
5;64;5;10;673.00;IDS,Firewall,Proxy;5,[1],[11],[11],8,2,5,6,3,10
5;6;0;7;561.00;Proxy,Firewall,IDS;0,1,[11],[11],[1],4,7
5;47;4;3;546.00;Firewall,Proxy,IDS;4,1,[11],[11],[1],5,6,3
5;24;2;3;490.00;IDS,Firewall,Proxy;2,5,[1],[11],8,2,[5],6,3
5;94;8;6;400.00;Firewall,Proxy,IDS;8,[11],[11],[1],4,6
5;73;6;8;305.00;Proxy,IDS,Firewall;6,[5],[5],1,[11],8
5;96;8;9;535.00;IDS,Proxy,Firewall;8,[11],[11],[11],1,4,7,9
5;27;2;6;375.00;Firewall,IDS,Proxy;2,8,[11],[11],1,[5],6
6;85;7;9;696.00;IDS,Firewall,Proxy;7,4,[1],[1],[5],6,3,9
6;27;2;6;375.00;Firewall,IDS,Proxy;2,8,[11],[11],1,[5],6
6;30;2;9;544.00;IDS,Proxy,Firewall;2,8,[11],[11],[11],8,2,5,6,3,9
6;73;6;8;305.00;Proxy,IDS,Firewall;6,[5],[5],1,[11],8
6;94;8;6;400.00;Firewall,Proxy,IDS;8,[11],[11],[1],4,6
6;125;11;4;571.00;Firewall,IDS,Proxy;[11],1,[5],1,[11],1,4
6;24;2;3;490.00;IDS,Firewall,Proxy;2,5,[1],[11],8,2,[5],6,3
6;28;2;7;641.00;Proxy,Firewall,IDS;2,8,[11],[11],1,4,7,[9],7
6;16;1;6;366.00;IDS,Proxy,Firewall;1,[11],[11],[1],5,6
6;89;8;1;408.00;Proxy,IDS,Firewall;8,2,[5],1,[11],[11],1
6;111;10;1;682.00;IDS,Proxy,Firewall;10,[9],7,4,1,[11],[11],1
6;131;11;10;531.00;Proxy,Firewall,IDS;11,8,2,5,6,3,[10],[10],[10]
6;102;9;3;615.00;IDS,Firewall,Proxy;[9],[10],3,6,[5],6,3
6;35;3;2;415.00;Firewall,Proxy,IDS;3,6,5,2,8,[11],[11],[11],8,2
6;79;7;2;569.00;Firewall,IDS,Proxy;7,4,1,[11],[11],[11],8,2
6;130;11;9;512.00;IDS,Firewall,Proxy;[11],[11],[11],1,4,7,9
6;51;4;8;426.00;IDS,Proxy,Firewall;4,1,[5],[5],1,[11],8
6;97;8;10;554.00;IDS,Firewall,Proxy;8,[11],[11],[11],8,2,5,6,3,10
6;33;3;0;724.00;Firewall,IDS,Proxy;3,[10],[10],[10],9,7,4,1,0
6;116;10;6;704.00;Firewall,IDS,Proxy;10,3,6,5,2,8,[11],[11],8,2,[5],6
6;20;1;10;470.00;Firewall,Proxy,IDS;1,5,6,3,[10],[10],[10]
6;21;1;11;170.00;Proxy,Firewall,IDS;1,[11],[11],[11]
6;1;0;2;548.00;IDS,Proxy,Firewall;0,1,[11],1,[5],1,[11],8,2
6;127;11;6;661.00;Proxy,IDS,Firewall;[11],1,[5],1,[11],1,4,6
6;43;3;11;560.00;Proxy,Firewall,IDS;3,6,[5],2,8,[11],8,2,[5],2,8,11
6;48;4;5;545.00;IDS,Proxy,Firewall;4,1,[11],1,[5],[1],5
6;101;9;2;605.00;Firewall,IDS,Proxy;9,7,4,1,[11],[11],[11],8,2
6;123;11;2;254.00;IDS,Firewall,Proxy;[11],[11],1,[5],2
6;40;3;8;723.00;IDS,Firewall,Proxy;3,[9],[10],[10],3,6,5,2,8
6;29;2;8;202.00;Proxy,IDS,Firewall;2,8,[11],[11],[11],8
6;47;4;3;546.00;Firewall,Proxy,IDS;4,1,[11],[11],[1],5,6,3
6;31;2;10;438.00;Firewall,IDS,Proxy;2,5,6,3,[10],[10],[10]
6;32;2;11;179.00;Firewall,Proxy,IDS;2,8,[11],[11],[11]
6;2;0;3;407.00;IDS,Proxy,Firewall;0,1,[11],[11],[11],8,2,5,6,3
6;74;6;9;624.00;IDS,Proxy,Firewall;6,5,2,8,[11],[11],[11],8,2,5,6,3,9
6;17;1;7;508.00;IDS,Proxy,Firewall;[1],[5],[1],4,7
6;103;9;4;714.00;IDS,Firewall,Proxy;9,3,6,5,2,8,[11],[11],8,2,[5],6,4
6;128;11;7;476.00;Proxy,IDS,Firewall;[11],[11],[11],1,4,7
6;113;10;3;651.00;IDS,Firewall,Proxy;10,[9],3,6,5,[1],[5],6,3
6;64;5;10;673.00;IDS,Firewall,Proxy;5,[1],[11],[11],8,2,5,6,3,10
6;54;4;11;287.00;Proxy,IDS,Firewall;4,1,[11],[11],[11]
6;26;2;5;321.00;Proxy,Firewall,IDS;2,8,[11],[11],[1],5
6;8;0;9;545.00;Proxy,IDS,Firewall;0,1,[5],[1],[1],4,7,9
6;12;1;2;454.00;IDS,Proxy,Firewall;1,[11],1,[5],[1],5,2
6;41;3;9;381.00;IDS,Firewall,Proxy;3,[10],[10],[10],9
6;95;8;7;667.00;IDS,Firewall,Proxy;8,11,[1],[11],[11],1,4,7
6;45;4;1;371.00;IDS,Firewall,Proxy;4,1,[11],[11],[11],1
6;83;7;6;486.00;Firewall,Proxy,IDS;7,9,[10],[10],[9],3,6
6;4;0;5;313.00;Firewall,Proxy,IDS;0,1,[11],[11],[11],1,5
6;10;0;11;171.00;IDS,Firewall,Proxy;0,1,[11],[11],[11]
6;81;7;4;543.00;IDS,Proxy,Firewall;7,[9],3,6,[5],[1],4
6;42;3;10;295.00;IDS,Proxy,Firewall;3,[10],[10],[10]
6;60;5;6;401.00;IDS,Proxy,Firewall;5,[1],[11],[11],8,2,5,6
6;53;4;10;397.00;Firewall,IDS,Proxy;4,7,9,[10],[10],[10]
6;25;2;4;380.00;Firewall,IDS,Proxy;2,8,[11],[11],[11],1,4
6;63;5;9;498.00;IDS,Firewall,Proxy;5,6,3,[10],[10],[10],9
6;69;6;3;518.00;Firewall,Proxy,IDS;6,5,2,8,[11],[11],[1],5,6,3
6;46;4;2;403.00;IDS,Proxy,Firewall;4,[1],[5],[1],5,2
6;129;11;8;109.00;Proxy,Firewall,IDS;[11],[11],[11],8
6;86;7;10;208.00;IDS,Firewall,Proxy;7,[9],[10],[10]
6;65;5;11;228.00;Proxy,IDS,Firewall;5,1,[11],[11],[11]
6;9;0;10;639.00;Proxy,Firewall,IDS;0,1,[11],[11],[1],5,6,3,10
6;87;7;11;476.00;IDS,Proxy,Firewall;7,4,1,[11],[11],[11]
6;66;6;0;367.00;IDS,Firewall,Proxy;6,[5],1,[11],[11],1,0
6;105;9;6;444.00;Proxy,IDS,Firewall;9,[10],[10],[10],3,6
6;50;4;7;677.00;IDS,Firewall,Proxy;4,1,[11],[11],[11],1,4,7
6;18;1;8;193.00;Proxy,Firewall,IDS;1,[11],[11],[11],8
6;62;5;8;251.00;Firewall,Proxy,IDS;5,1,[11],[11],[11],8
6;68;6;2;470.00;Firewall,IDS,Proxy;6,4,1,[11],[11],[11],8,2
6;112;10;2;438.00;Proxy,Firewall,IDS;[10],[10],[10],3,6,5,2
6;122;11;1;170.00;IDS,Proxy,Firewall;[11],[11],[11],1
6;106;9;7;294.00;IDS,Firewall,Proxy;[9],[10],[10],9,7
6;104;9;5;498.00;Proxy,IDS,Firewall;9,[10],[10],[10],3,6,5
6;108;9;10;172.00;IDS,Firewall,Proxy;9,[10],[10],[10]
6;57;5;2;321.00;Firewall,IDS,Proxy;5,1,[11],[11],[11],8,2
6;75;6;10;358.00;Firewall,Proxy,IDS;6,3,[10],[10],[10]
6;109;9;11;512.00;Proxy,Firewall,IDS;9,7,4,1,[11],[11],[11]
6;39;3;7;601.00;IDS,Firewall,Proxy;3,6,5,[1],[1],[5],6,3,9,7
6;117;10;7;208.00;Firewall,Proxy,IDS;[10],[10],[10],9,7
6;98;8;11;109.00;Firewall,IDS,Proxy;8,[11],[11],[11]
6;56;5;1;144.00;Proxy,IDS,Firewall;[5],[1],[1]
6;119;10;9;172.00;Firewall,IDS,Proxy;[10],[10],[10],9
6;72;6;7;620.00;IDS,Proxy,Firewall;6,5,[1],[5],[1],4,7
6;91;8;3;463.00;Firewall,IDS,Proxy;8,[11],[11],[11],1,4,6,3
6;36;3;4;641.00;Proxy,IDS,Firewall;3,6,4,1,[11],[11],[11],1,4
6;84;7;8;676.00;IDS,Firewall,Proxy;7,[9],[10],3,6,5,2,8,[11],8
6;14;1;4;433.00;Firewall,Proxy,IDS;1,[11],8,2,[5],[5],6,4
6;0;0;1;203.00;Proxy,IDS,Firewall;0,1,[5],[1],[1]
6;77;7;0;654.00;Firewall,IDS,Proxy;7,4,1,[11],8,2,[5],[5],1,0
6;44;4;0;372.00;IDS,Proxy,Firewall;4,1,[11],[11],[11],1,0
6;11;1;0;255.00;IDS,Firewall,Proxy;1,[11],[11],[11],1,0
6;15;1;5;382.00;IDS,Proxy,Firewall;1,[5],[5],2,8,[11],8,2,5
6;107;9;8;474.00;Proxy,IDS,Firewall;9,3,6,5,2,8,[11],[11],[11],8
6;22;2;0;264.00;Firewall,IDS,Proxy;2,8,[11],[11],[11],1,0
6;99;9;0;557.00;Proxy,IDS,Firewall;9,[10],3,6,[5],[1],0
6;78;7;1;560.00;Firewall,Proxy,IDS;7,4,1,[11],[11],[11],1
6;3;0;4;488.00;Proxy,IDS,Firewall;0,1,[5],1,[11],[11],1,4
6;126;11;5;512.00;Proxy,Firewall,IDS;11,1,[5],1,[11],[11],1,5
6;13;1;3;524.00;Firewall,Proxy,IDS;1,[11],[11],[11],1,4,6,3
6;82;7;5;534.00;IDS,Proxy,Firewall;7,[9],[10],[10],3,6,5
6;49;4;6;460.00;Firewall,Proxy,IDS;4,1,[11],[11],[11],8,2,5,6
6;114;10;4;397.00;Firewall,Proxy,IDS;[10],[10],[10],9,7,4
6;115;10;5;650.00;Proxy,IDS,Firewall;10,3,6,5,2,8,[11],[11],[11],8,2,5
6;58;5;3;441.00;IDS,Firewall,Proxy;[5],2,8,[11],8,2,[5],6,3
6;100;9;1;535.00;IDS,Firewall,Proxy;[9],3,6,5,2,8,[11],[11],1
6;34;3;1;664.00;IDS,Proxy,Firewall;3,[9],3,6,[5],2,8,[11],1
6;93;8;5;251.00;Firewall,Proxy,IDS;8,[11],1,[5],[5]
6;118;10;8;554.00;IDS,Firewall,Proxy;10,3,6,[5],2,8,[11],[11],8
6;110;10;0;616.00;Firewall,IDS,Proxy;10,3,6,5,2,8,[11],[11],[11],1,0
6;71;6;5;401.00;IDS,Firewall,Proxy;6,5,[1],[11],8,2,[5]
6;19;1;9;535.00;Firewall,Proxy,IDS;1,[11],8,2,[5],[5],6,3,9
6;120;10;11;647.00;Firewall,Proxy,IDS;10,3,6,5,[1],[5],[5],2,8,11
6;7;0;8;310.00;Proxy,Firewall,IDS;0,1,[5],1,[11],[11],8
6;59;5;4;713.00;Firewall,Proxy,IDS;5,1,[11],1,[5],1,[11],1,4
6;67;6;1;577.00;Firewall,Proxy,IDS;6,4,1,[11],1,[5],[5],1
6;61;5;7;690.00;Firewall,Proxy,IDS;5,[1],[11],1,4,7,[9],7
6;52;4;9;675.00;IDS,Firewall,Proxy;4,1,[11],[1],[5],6,3,9
6;90;8;2;370.00;IDS,Proxy,Firewall;8,[11],8,2,[5],[1],5,2
6;96;8;9;474.00;IDS,Proxy,Firewall;8,[11],[11],[11],8,2,5,6,3,9
6;121;11;0;171.00;Proxy,IDS,Firewall;[11],[11],[11],1,0
6;92;8;4;310.00;Firewall,Proxy,IDS;8,[11],[11],[11],1,4
6;37;3;5;582.00;IDS,Firewall,Proxy;3,6,4,1,[11],[11],[11],1,5
6;55;5;0;429.00;IDS,Firewall,Proxy;5,1,[11],[11],1,[5],1,0
6;70;6;4;460.00;Firewall,Proxy,IDS;6,5,2,8,[11],[11],[11],1,4
6;88;8;0;310.00;Firewall,IDS,Proxy;8,[11],[11],1,[5],1,0
6;124;11;3;440.00;Firewall,IDS,Proxy;[11],[11],[11],1,4,6,3
6;80;7;3;712.00;Proxy,Firewall,IDS;7,4,1,[11],[11],[11],8,2,5,6,3
6;76;6;11;661.00;Firewall,IDS,Proxy;6,4,1,[11],[11],1,[5],1,11
6;38;3;6;733.00;IDS,Proxy,Firewall;3,6,5,2,8,[11],8,2,[5],2,8,[11],8,2,5,6
6;6;0;7;561.00;Proxy,Firewall,IDS;0,1,[11],[11],[11],1,4,7
6;23;2;1;263.00;IDS,Proxy,Firewall;2,8,[11],[11],[11],1
6;5;0;6;344.00;IDS,Proxy,Firewall;0,1,[11],[11],[11],8,2,5,6
7;10;0;11;171.00;IDS,Firewall,Proxy;0,1,[11],[11],[11]
7;59;5;4;346.00;Firewall,Proxy,IDS;[5],[1],[5],6,4
7;60;5;6;424.00;IDS,Proxy,Firewall;5,1,[11],[1],[5],6
7;78;7;1;560.00;Firewall,Proxy,IDS;7,4,1,[11],[11],[11],1
7;13;1;3;524.00;Firewall,Proxy,IDS;1,[11],[11],[11],1,4,6,3
7;81;7;4;677.00;IDS,Proxy,Firewall;7,4,1,[11],[11],[11],1,4
7;68;6;2;352.00;Firewall,IDS,Proxy;6,5,2,8,[11],[11],[11],8,2
7;15;1;5;289.00;IDS,Proxy,Firewall;1,[11],[11],[11],8,2,5
7;8;0;9;391.00;Proxy,IDS,Firewall;0,1,5,6,3,[9],[9],[9]
7;94;8;6;400.00;Firewall,Proxy,IDS;8,[11],[11],[11],1,4,6
7;88;8;0;194.00;Firewall,IDS,Proxy;8,[11],[11],[11],1,0
7;5;0;6;437.00;IDS,Proxy,Firewall;0,1,[5],2,8,[11],[11],8,2,5,6
7;17;1;7;676.00;IDS,Proxy,Firewall;1,[11],[1],[5],1,4,7
7;107;9;8;640.00;Proxy,IDS,Firewall;9,[10],3,6,[5],2,8,[11],8
7;62;5;8;251.00;Firewall,Proxy,IDS;5,1,[11],[11],[11],8
7;121;11;0;171.00;Proxy,IDS,Firewall;[11],[11],[11],1,0
7;122;11;1;286.00;IDS,Proxy,Firewall;[11],[1],[5],1
7;25;2;4;432.00;Firewall,IDS,Proxy;2,[5],2,8,[11],[11],1,4
7;6;0;7;561.00;Proxy,Firewall,IDS;0,1,[11],[11],[11],1,4,7
7;19;1;9;390.00;Firewall,Proxy,IDS;1,5,6,3,[9],[9],[9]
7;31;2;10;444.00;Firewall,IDS,Proxy;2,5,6,3,[9],[10],[10]
7;124;11;3;440.00;Firewall,IDS,Proxy;[11],[11],[11],1,4,6,3
7;46;4;2;380.00;IDS,Proxy,Firewall;4,1,[11],[11],[11],8,2
7;3;0;4;372.00;Proxy,IDS,Firewall;0,[1],[11],[11],1,4
7;61;5;7;629.00;Firewall,Proxy,IDS;5,2,8,[11],[1],[5],6,3,9,7
7;38;3;6;495.00;IDS,Proxy,Firewall;3,6,[5],2,8,[11],[11],8,2,5,6
7;89;8;1;193.00;Proxy,IDS,Firewall;8,[11],[11],[11],1
7;0;0;1;371.00;Proxy,IDS,Firewall;0,1,[11],[11],1,[5],1
7;28;2;7;394.00;Proxy,Firewall,IDS;2,5,6,3,[9],[9],[9],7
7;4;0;5;313.00;Firewall,Proxy,IDS;0,1,[11],[11],[11],1,5
7;127;11;6;259.00;Proxy,IDS,Firewall;[11],[11],[11],8,2,5,6
7;109;9;11;640.00;Proxy,Firewall,IDS;9,[10],3,6,[5],1,[11]
7;37;3;5;627.00;IDS,Firewall,Proxy;3,[10],[9],[9],3,6,5
7;27;2;6;710.00;Firewall,IDS,Proxy;2,5,6,3,[10],[10],[10],3,6
7;49;4;6;460.00;Firewall,Proxy,IDS;4,1,[11],[11],[11],8,2,5,6
7;91;8;3;345.00;Firewall,IDS,Proxy;8,[11],[11],[11],8,2,5,6,3
7;47;4;3;641.00;Firewall,Proxy,IDS;4,1,[11],[11],[11],1,4,6,3
7;130;11;9;451.00;IDS,Firewall,Proxy;11,8,2,5,6,3,[9],[9],[9]
7;35;3;2;696.00;Firewall,Proxy,IDS;3,[9],3,6,5,[1],[11],8,2
7;51;4;8;478.00;IDS,Proxy,Firewall;4,1,[11],[1],[11],8
7;57;5;2;321.00;Firewall,IDS,Proxy;[5],1,[11],[11],8,2
7;41;3;9;215.00;IDS,Firewall,Proxy;3,[9],[9],[9]
7;16;1;6;343.00;IDS,Proxy,Firewall;1,[11],[11],[11],8,2,5,6
7;34;3;1;406.00;IDS,Proxy,Firewall;3,6,5,2,8,[11],[11],[11],1
7;69;6;3;518.00;Firewall,Proxy,IDS;6,[5],[1],[11],8,2,5,6,3
7;103;9;4;483.00;IDS,Firewall,Proxy;9,[10],[10],[10],9,7,4
7;71;6;5;424.00;IDS,Firewall,Proxy;6,[5],[5],1,[11],1,5
7;9;0;10;683.00;Proxy,Firewall,IDS;0,1,[11],1,4,7,[9],[10]
7;24;2;3;531.00;IDS,Firewall,Proxy;2,8,[11],8,2,[5],[1],5,6,3
7;18;1;8;193.00;Proxy,Firewall,IDS;1,[11],[11],[11],8
7;131;11;10;531.00;Proxy,Firewall,IDS;[11],[11],[11],8,2,5,6,3,10
7;44;4;0;372.00;IDS,Proxy,Firewall;4,1,[11],[11],[11],1,0
7;76;6;11;259.00;Firewall,IDS,Proxy;6,5,2,8,[11],[11],[11]
7;53;4;10;397.00;Firewall,IDS,Proxy;4,7,9,[10],[10],[10]
7;101;9;2;567.00;Firewall,IDS,Proxy;9,3,6,[5],1,[11],[11],8,2
7;14;1;4;487.00;Firewall,Proxy,IDS;1,[11],[11],1,[5],1,4
7;97;8;10;672.00;IDS,Firewall,Proxy;8,[11],1,4,6,3,[10],[10]
7;90;8;2;202.00;IDS,Proxy,Firewall;8,[11],[11],[11],8,2
7;33;3;0;692.00;Firewall,IDS,Proxy;3,[9],[10],[9],3,6,5,1,0
7;65;5;11;228.00;Proxy,IDS,Firewall;5,1,[11],[11],[11]
7;45;4;1;487.00;IDS,Firewall,Proxy;4,1,[5],[5],1,[11],1
7;77;7;0;561.00;Firewall,IDS,Proxy;7,4,1,[11],[11],[11],1,0
7;95;8;7;676.00;IDS,Firewall,Proxy;8,[11],8,2,5,6,3,[10],[10],9,7
7;82;7;5;706.00;IDS,Proxy,Firewall;7,9,[10],[9],[10],3,6,5
7;83;7;6;660.00;Firewall,Proxy,IDS;7,[9],[9],3,6,5,2,8,[11],8,2,5,6
7;29;2;8;324.00;Proxy,IDS,Firewall;2,5,[1],[5],[5],2,8
7;42;3;10;701.00;IDS,Proxy,Firewall;3,6,[5],6,3,[10],[9],10
7;12;1;2;263.00;IDS,Proxy,Firewall;1,[11],[11],[11],8,2
7;66;6;0;344.00;IDS,Firewall,Proxy;6,5,2,8,[11],[11],[11],1,0
7;48;4;5;406.00;IDS,Proxy,Firewall;4,1,[11],[11],8,2,[5]
7;2;0;3;680.00;IDS,Proxy,Firewall;0,1,[5],6,3,[10],[10],3
7;98;8;11;109.00;Firewall,IDS,Proxy;8,[11],[11],[11]
7;72;6;7;314.00;IDS,Proxy,Firewall;6,3,[9],[9],[9],7
7;118;10;8;514.00;IDS,Firewall,Proxy;[10],[10],[9],3,6,5,2,8
7;74;6;9;278.00;IDS,Proxy,Firewall;6,3,[9],[9],[9]
7;75;6;10;358.00;Firewall,Proxy,IDS;6,3,[10],[10],[10]
7;67;6;1;727.00;Firewall,Proxy,IDS;6,3,[9],3,6,5,2,8,[11],[11],1
7;113;10;3;301.00;IDS,Firewall,Proxy;[10],[10],[9],3
7;128;11;7;476.00;Proxy,IDS,Firewall;[11],[11],[11],1,4,7
7;79;7;2;394.00;Firewall,IDS,Proxy;7,[9],[9],[9],3,6,5,2
7;80;7;3;251.00;Proxy,Firewall,IDS;7,[9],[9],[9],3
7;96;8;9;640.00;IDS,Proxy,Firewall;8,[11],8,2,5,6,3,[10],[9]
7;108;9;10;172.00;IDS,Firewall,Proxy;[9],[9],[9],10
7;110;10;0;683.00;Firewall,IDS,Proxy;[10],9,7,4,1,[11],[11],1,0
7;117;10;7;208.00;Firewall,Proxy,IDS;10,[9],[9],[9],7
7;85;7;9;122.00;IDS,Firewall,Proxy;7,[9],[9],[9]
7;86;7;10;208.00;IDS,Firewall,Proxy;7,9,[10],[10],[10]
7;39;3;7;723.00;IDS,Firewall,Proxy;3,6,5,2,8,[11],[11],8,2,5,6,3,[9],7
7;120;10;11;531.00;Firewall,Proxy,IDS;[10],[10],[10],3,6,5,2,8,11
7;32;2;11;231.00;Firewall,Proxy,IDS;2,[5],2,8,[11],[11]
7;111;10;1;615.00;IDS,Proxy,Firewall;10,3,6,5,2,8,[11],[11],[11],1
7;126;11;5;205.00;Proxy,Firewall,IDS;[11],[11],8,2,[5]
7;119;10;9;172.00;Firewall,IDS,Proxy;[10],[10],[10],9
7;114;10;4;587.00;Firewall,Proxy,IDS;[10],[10],3,6,[5],1,4
7;40;3;8;723.00;IDS,Firewall,Proxy;3,[9],[10],[10],3,6,5,2,8
7;116;10;6;364.00;Firewall,IDS,Proxy;[10],[10],[9],3,6
7;23;2;1;379.00;IDS,Proxy,Firewall;2,8,[11],[11],1,[5],1
7;106;9;7;122.00;IDS,Firewall,Proxy;[9],[9],[9],7
7;56;5;1;312.00;Proxy,IDS,Firewall;5,1,[11],[11],[11],1
7;64;5;10;650.00;IDS,Firewall,Proxy;5,2,8,[11],[11],[11],8,2,5,6,3,10
7;73;6;8;400.00;Proxy,IDS,Firewall;6,4,[1],[11],[11],8
7;7;0;8;194.00;Proxy,Firewall,IDS;0,1,[11],[11],[11],8
7;102;9;3;215.00;IDS,Firewall,Proxy;[9],[9],[9],3
7;58;5;3;621.00;IDS,Firewall,Proxy;5,6,3,[10],[10],[10],3
7;115;10;5;412.00;Proxy,IDS,Firewall;[10],[10],[10],3,6,5
7;105;9;6;278.00;Proxy,IDS,Firewall;[9],[9],[9],3,6
7;84;7;8;615.00;IDS,Firewall,Proxy;7,4,1,[5],[5],1,[11],8
7;21;1;11;263.00;Proxy,Firewall,IDS;[1],[5],[5],2,8,11
7;30;2;9;544.00;IDS,Proxy,Firewall;2,8,[11],[11],[11],8,2,5,6,3,9
7;112;10;2;630.00;Proxy,Firewall,IDS;[10],[9],3,6,5,2,8,[11],8,2
7;20;1;10;615.00;Firewall,Proxy,IDS;1,[11],[11],[11],8,2,5,6,3,10
7;26;2;5;321.00;Proxy,Firewall,IDS;2,8,[11],1,[5],[5]
7;1;0;2;339.00;IDS,Proxy,Firewall;0,1,[11],[1],[5],2
7;99;9;0;557.00;Proxy,IDS,Firewall;9,[10],[10],[10],3,6,5,1,0
7;52;4;9;713.00;IDS,Firewall,Proxy;4,1,[11],[11],[11],1,4,7,9
7;43;3;11;438.00;Proxy,Firewall,IDS;3,6,5,[1],[5],2,8,[11]
7;104;9;5;486.00;Proxy,IDS,Firewall;9,7,4,[1],[5],[5]
7;129;11;8;109.00;Proxy,Firewall,IDS;[11],[11],[11],8
7;70;6;4;483.00;Firewall,Proxy,IDS;6,[5],1,[11],[11],1,4
7;87;7;11;644.00;IDS,Proxy,Firewall;7,4,1,[11],[1],[11]
7;93;8;5;251.00;Firewall,Proxy,IDS;8,[11],[1],[5]
7;50;4;7;677.00;IDS,Firewall,Proxy;4,1,[11],[11],[1],4,7
7;63;5;9;593.00;IDS,Firewall,Proxy;5,2,8,[11],[11],[1],5,6,3,9
7;36;3;4;546.00;Proxy,IDS,Firewall;3,6,5,[1],[11],[11],1,4
7;54;4;11;287.00;Proxy,IDS,Firewall;4,[1],[11],[11]
7;100;9;1;596.00;IDS,Firewall,Proxy;9,7,4,1,[11],[11],[1]
7;55;5;0;290.00;IDS,Firewall,Proxy;5,2,8,[11],[11],[1],0
7;125;11;4;380.00;Firewall,IDS,Proxy;[11],8,2,[5],[1],4
7;22;2;0;264.00;Firewall,IDS,Proxy;2,8,[11],[11],[1],0
7;123;11;2;254.00;IDS,Firewall,Proxy;[11],[11],[1],5,2
7;92;8;4;478.00;Firewall,Proxy,IDS;8,[11],[1],[11],1,4
7;11;1;0;255.00;IDS,Firewall,Proxy;1,[11],[11],[11],1,0
8;33;3;0;525.00;Firewall,IDS,Proxy;3,6,4,1,[11],[11],[11],1,0
8;1;0;2;171.00;IDS,Proxy,Firewall;0,[1],[1],[1],5,2
8;2;0;3;262.00;IDS,Proxy,Firewall;0,[1],[1],[1],5,6,3
8;3;0;4;204.00;Proxy,IDS,Firewall;0,[1],[1],[1],4
8;4;0;5;145.00;Firewall,Proxy,IDS;0,[1],[1],[1],5
8;5;0;6;199.00;IDS,Proxy,Firewall;0,[1],[1],[1],5,6
8;6;0;7;393.00;Proxy,Firewall,IDS;0,[1],[1],[1],4,7
8;7;0;8;194.00;Proxy,Firewall,IDS;0,1,[11],[11],[11],8
8;8;0;9;391.00;Proxy,IDS,Firewall;0,1,5,6,3,[9],[9],[9]
8;9;0;10;471.00;Proxy,Firewall,IDS;0,1,[5],[5],[5],6,3,10
8;130;11;9;451.00;IDS,Firewall,Proxy;[11],[11],[11],8,2,5,6,3,9
8;11;1;0;87.00;IDS,Firewall,Proxy;[1],[1],[1],0
8;129;11;8;109.00;Proxy,Firewall,IDS;[11],[11],[11],8
8;63;5;9;570.00;IDS,Firewall,Proxy;5,2,8,[11],[11],[11],8,2,5,6,3,9
8;14;1;4;203.00;Firewall,Proxy,IDS;1,[4],[4],[4]
8;125;11;4;287.00;Firewall,IDS,Proxy;[11],[11],[11],1,4
8;16;1;6;198.00;IDS,Proxy,Firewall;[1],[1],[1],5,6
8;17;1;7;392.00;IDS,Proxy,Firewall;1,[4],[4],[4],7
8;0;0;1;87.00;Proxy,IDS,Firewall;0,[1],[1],[1]
8;19;1;9;390.00;Firewall,Proxy,IDS;1,[5],[5],[5],6,3,9
8;75;6;10;538.00;Firewall,Proxy,IDS;6,[4],[4],[4],6,3,10
8;21;1;11;170.00;Proxy,Firewall,IDS;1,[11],[11],[11]
8;114;10;4;649.00;Firewall,Proxy,IDS;10,[3],[9],7,[4]
8;116;10;6;487.00;Firewall,IDS,Proxy;10,[9],[9],7,[4],6
8;86;7;10;466.00;IDS,Firewall,Proxy;7,[9],[3],[9],10
8;25;2;4;256.00;Firewall,IDS,Proxy;2,5,6,[4],[4],[4]
8;26;2;5;112.00;Proxy,Firewall,IDS;2,[5],[5],[5]
8;23;2;1;661.00;IDS,Proxy,Firewall;2,5,6,[4],6,[5],6,[4],1
8;28;2;7;394.00;Proxy,Firewall,IDS;2,5,6,3,[9],[9],[9],7
8;29;2;8;202.00;Proxy,IDS,Firewall;2,8,[11],[11],[11],8
8;38;3;6;641.00;IDS,Proxy,Firewall;3,6,[5],[5],6,3,[9],3,6
8;13;1;3;640.00;Firewall,Proxy,IDS;1,[5],[5],1,[11],1,4,6,3
8;32;2;11;179.00;Firewall,Proxy,IDS;2,8,[11],[11],[11]
8;20;1;10;621.00;Firewall,Proxy,IDS;1,[11],[11],8,2,5,6,3,[9],10
8;34;3;1;261.00;IDS,Proxy,Firewall;3,6,[5],[5],[5],1
8;35;3;2;229.00;Firewall,Proxy,IDS;3,6,[5],[5],[5],2
8;113;10;3;535.00;IDS,Firewall,Proxy;10,[9],[3],6,[5],6,3
8;31;2;10;676.00;Firewall,IDS,Proxy;2,[5],2,8,[11],8,2,[5],6,3,10
8;27;2;6;550.00;Firewall,IDS,Proxy;2,5,6,[3],[9],[9],3,6
8;39;3;7;251.00;IDS,Firewall,Proxy;3,[9],[9],[9],7
8;119;10;9;622.00;Firewall,IDS,Proxy;10,[9],[9],7,[4],7,9
8;41;3;9;215.00;IDS,Firewall,Proxy;3,[9],[9],[9]
8;87;7;11;487.00;IDS,Proxy,Firewall;7,[9],3,6,5,2,8,[11],[11]
8;43;3;11;322.00;Proxy,Firewall,IDS;3,6,5,2,8,[11],[11],[11]
8;44;4;0;204.00;IDS,Proxy,Firewall;[4],[4],[4],1,0
8;45;4;1;203.00;IDS,Firewall,Proxy;[4],[4],[4],1
8;40;3;8;583.00;IDS,Firewall,Proxy;3,6,5,2,8,[11],8,2,[5],2,8,[11],8
8;24;2;3;345.00;IDS,Firewall,Proxy;2,5,[1],[5],[5],6,3
8;48;4;5;230.00;IDS,Proxy,Firewall;4,6,[5],[5],[5]
8;49;4;6;176.00;Firewall,Proxy,IDS;[4],[4],[4],6
8;50;4;7;275.00;IDS,Firewall,Proxy;[4],[4],[4],7
8;51;4;8;310.00;IDS,Proxy,Firewall;4,1,[11],[11],[11],8
8;52;4;9;311.00;IDS,Firewall,Proxy;4,7,[9],[9],[9]
8;53;4;10;397.00;Firewall,IDS,Proxy;[4],[4],[4],7,9,10
8;36;3;4;674.00;Proxy,IDS,Firewall;3,6,[5],[5],6,3,[9],7,4
8;69;6;3;407.00;Firewall,Proxy,IDS;6,[3],[9],[9],3
8;56;5;1;144.00;Proxy,IDS,Firewall;[5],[5],[5],1
8;57;5;2;112.00;Firewall,IDS,Proxy;[5],[5],[5],2
8;54;4;11;287.00;Proxy,IDS,Firewall;[4],1,[11],[11]
8;59;5;4;230.00;Firewall,Proxy,IDS;[5],[5],[5],6,4
8;60;5;6;140.00;IDS,Proxy,Firewall;[5],[5],[5],6
8;61;5;7;368.00;Firewall,Proxy,IDS;5,6,3,[9],[9],[9],7
8;62;5;8;182.00;Firewall,Proxy,IDS;[5],[5],[5],2,8
8;18;1;8;193.00;Proxy,Firewall,IDS;1,[11],[11],[11],8
8;30;2;9;358.00;IDS,Proxy,Firewall;2,[5],[5],6,3,[9]
8;78;7;1;392.00;Firewall,Proxy,IDS;7,[4],[4],[1]
8;66;6;0;199.00;IDS,Firewall,Proxy;6,[5],[5],[5],1,0
8;47;4;3;674.00;Firewall,Proxy,IDS;4,7,[9],[9],3,6,[5],6,3
8;58;5;3;689.00;IDS,Firewall,Proxy;5,6,[4],6,[3],6,[4],6,3
8;122;11;1;170.00;IDS,Proxy,Firewall;[11],[11],[11],1
8;70;6;4;176.00;Firewall,Proxy,IDS;6,[4],[4],[4]
8;71;6;5;140.00;IDS,Firewall,Proxy;6,[5],[5],[5]
8;42;3;10;553.00;IDS,Proxy,Firewall;3,[9],[9],[3],10
8;73;6;8;236.00;Proxy,IDS,Firewall;6,[5],[5],[5],2,8
8;74;6;9;278.00;IDS,Proxy,Firewall;6,3,[9],[9],[9]
8;126;11;5;205.00;Proxy,Firewall,IDS;[11],8,2,[5],[5]
8;92;8;4;310.00;Firewall,Proxy,IDS;8,[11],[11],[11],1,4
8;77;7;0;393.00;Firewall,IDS,Proxy;7,4,[1],[1],[1],0
8;121;11;0;171.00;Proxy,IDS,Firewall;[11],[11],[11],1,0
8;46;4;2;490.00;IDS,Proxy,Firewall;4,6,[5],[5],6,[3],6,5,2
8;80;7;3;251.00;Proxy,Firewall,IDS;7,[9],[9],[9],3
8;81;7;4;275.00;IDS,Proxy,Firewall;7,[4],[4],[4]
8;72;6;7;599.00;IDS,Proxy,Firewall;6,[4],[4],[1],4,7
8;83;7;6;314.00;Firewall,Proxy,IDS;7,[9],[9],[9],3,6
8;84;7;8;499.00;IDS,Firewall,Proxy;7,[4],[4],[4],1,11,8
8;85;7;9;122.00;IDS,Firewall,Proxy;7,[9],[9],[9]
8;127;11;6;259.00;Proxy,IDS,Firewall;[11],8,2,[5],[5],6
8;124;11;3;322.00;Firewall,IDS,Proxy;[11],[11],[11],8,2,5,6,3
8;91;8;3;711.00;Firewall,IDS,Proxy;8,2,[5],[1],4,7,[9],3
8;89;8;1;193.00;Proxy,IDS,Firewall;8,[11],[11],[11],1
8;90;8;2;202.00;IDS,Proxy,Firewall;8,[11],[11],[11],8,2
8;117;10;7;208.00;Firewall,Proxy,IDS;10,[9],[9],[9],7
8;123;11;2;179.00;IDS,Firewall,Proxy;[11],[11],[11],8,2
8;110;10;0;729.00;Firewall,IDS,Proxy;10,[3],[9],3,6,[5],1,0
8;12;1;2;379.00;IDS,Proxy,Firewall;1,[5],1,[11],[11],8,2
8;109;9;11;451.00;Proxy,Firewall,IDS;9,3,6,5,2,8,[11],[11],[11]
8;96;8;9;428.00;IDS,Proxy,Firewall;8,2,5,6,3,[9],[9],[9]
8;55;5;0;145.00;IDS,Firewall,Proxy;[5],[5],[5],1,0
8;98;8;11;109.00;Firewall,IDS,Proxy;8,[11],[11],[11]
8;99;9;0;391.00;Proxy,IDS,Firewall;9,3,6,5,[1],[1],[1],0
8;100;9;1;390.00;IDS,Firewall,Proxy;9,3,6,5,[1],[1],[1]
8;101;9;2;358.00;Firewall,IDS,Proxy;9,3,6,[5],[5],[5],2
8;102;9;3;215.00;IDS,Firewall,Proxy;[9],[9],[9],3
8;103;9;4;311.00;IDS,Firewall,Proxy;[9],[9],[9],7,4
8;104;9;5;332.00;Proxy,IDS,Firewall;[9],[9],[9],3,6,5
8;105;9;6;278.00;Proxy,IDS,Firewall;[9],[9],[9],3,6
8;106;9;7;122.00;IDS,Firewall,Proxy;[9],[9],[9],7
8;107;9;8;428.00;Proxy,IDS,Firewall;9,3,6,[5],[5],[5],2,8
8;108;9;10;172.00;IDS,Firewall,Proxy;[9],[9],[9],10
8;10;0;11;171.00;IDS,Firewall,Proxy;0,1,[11],[11],[11]
8;76;6;11;259.00;Firewall,IDS,Proxy;6,[5],[5],2,8,[11]
8;111;10;1;470.00;IDS,Proxy,Firewall;10,3,6,5,[1],[1],[1]
8;115;10;5;528.00;Proxy,IDS,Firewall;10,3,6,[5],[5],[1],5
8;64;5;10;762.00;IDS,Firewall,Proxy;[5],1,[4],1,[5],6,3,10
8;94;8;6;539.00;Firewall,Proxy,IDS;8,[11],1,[4],[1],5,6
8;97;8;10;621.00;IDS,Firewall,Proxy;8,[11],1,[4],[4],7,9,10
8;67;6;1;324.00;Firewall,Proxy,IDS;6,[3],6,[5],[5],1
8;37;3;5;461.00;IDS,Firewall,Proxy;3,[9],[9],3,6,[5]
8;118;10;8;514.00;IDS,Firewall,Proxy;10,[9],[3],6,[5],2,8
8;82;7;5;667.00;IDS,Proxy,Firewall;7,[9],7,[4],1,[11],8,2,5
8;79;7;2;394.00;Firewall,IDS,Proxy;7,9,[3],6,[5],[5],2
8;68;6;2;779.00;Firewall,IDS,Proxy;6,4,1,[11],[11],1,[4],1,5,2
8;88;8;0;194.00;Firewall,IDS,Proxy;8,[11],[11],[1],0
8;15;1;5;312.00;IDS,Proxy,Firewall;1,[11],[1],[1],5
8;112;10;2;647.00;Proxy,Firewall,IDS;10,3,6,5,[1],[1],[11],8,2
8;95;8;7;499.00;IDS,Firewall,Proxy;8,[11],1,[4],[4],7
8;131;11;10;649.00;Proxy,Firewall,IDS;[11],[11],[11],1,4,6,3,10
8;22;2;0;643.00;Firewall,IDS,Proxy;2,5,6,[3],6,5,2,8,[11],8,2,[5],1,0
8;120;10;11;531.00;Firewall,Proxy,IDS;10,[3],6,5,2,8,[11],[11]
8;128;11;7;476.00;Proxy,IDS,Firewall;[11],[11],1,[4],7
8;93;8;5;630.00;Firewall,Proxy,IDS;8,11,1,[4],[4],1,[11],8,2,5
8;65;5;11;205.00;Proxy,IDS,Firewall;[5],2,8,[11],[11]
9;33;3;0;525.00;Firewall,IDS,Proxy;3,6,4,1,[11],[11],[11],1,0
9;1;0;2;171.00;IDS,Proxy,Firewall;0,[1],[1],[1],5,2
9;2;0;3;262.00;IDS,Proxy,Firewall;0,[1],[1],[1],5,6,3
9;3;0;4;204.00;Proxy,IDS,Firewall;0,[1],[1],[1],4
9;4;0;5;145.00;Firewall,Proxy,IDS;0,[1],[1],[1],5
9;5;0;6;199.00;IDS,Proxy,Firewall;0,[1],[1],[1],5,6
9;6;0;7;393.00;Proxy,Firewall,IDS;0,[1],[1],[1],4,7
9;7;0;8;194.00;Proxy,Firewall,IDS;0,1,[11],[11],[11],8
9;75;6;10;677.00;Firewall,Proxy,IDS;6,[5],[5],[1],4,6,3,10
9;9;0;10;471.00;Proxy,Firewall,IDS;0,1,[5],[5],[5],6,3,10
9;130;11;9;451.00;IDS,Firewall,Proxy;[11],[11],[11],8,2,5,6,3,9
9;11;1;0;87.00;IDS,Firewall,Proxy;[1],[1],[1],0
9;129;11;8;109.00;Proxy,Firewall,IDS;[11],[11],[11],8
9;63;5;9;570.00;IDS,Firewall,Proxy;5,2,8,[11],[11],[11],8,2,5,6,3,9
9;14;1;4;203.00;Firewall,Proxy,IDS;1,[4],[4],[4]
9;125;11;4;287.00;Firewall,IDS,Proxy;[11],[11],[11],1,4
9;16;1;6;198.00;IDS,Proxy,Firewall;[1],[1],[1],5,6
9;17;1;7;392.00;IDS,Proxy,Firewall;1,[4],[4],[4],7
9;0;0;1;87.00;Proxy,IDS,Firewall;0,[1],[1],[1]
9;19;1;9;390.00;Firewall,Proxy,IDS;1,[5],[5],[5],6,3,9
9;65;5;11;205.00;Proxy,IDS,Firewall;[5],2,8,[11],[11]
9;21;1;11;170.00;Proxy,Firewall,IDS;1,[11],[11],[11]
9;22;2;0;171.00;Firewall,IDS,Proxy;2,[5],[5],[5],1,0
9;23;2;1;170.00;IDS,Proxy,Firewall;2,[5],[5],[5],1
9;86;7;10;466.00;IDS,Firewall,Proxy;7,[9],[3],[9],10
9;25;2;4;256.00;Firewall,IDS,Proxy;2,5,6,[4],[4],[4]
9;26;2;5;112.00;Proxy,Firewall,IDS;2,[5],[5],[5]
9;27;2;6;166.00;Firewall,IDS,Proxy;2,[5],[5],[5],6
9;114;10;4;649.00;Firewall,Proxy,IDS;10,[3],[9],7,[4]
9;29;2;8;202.00;Proxy,IDS,Firewall;2,8,[11],[11],[11],8
9;30;2;9;358.00;IDS,Proxy,Firewall;2,[5],[5],[5],6,3,9
9;13;1;3;640.00;Firewall,Proxy,IDS;1,[5],[5],1,[11],1,4,6,3
9;32;2;11;179.00;Firewall,Proxy,IDS;2,8,[11],[11],[11]
9;20;1;10;621.00;Firewall,Proxy,IDS;1,[11],[11],8,2,5,6,3,[9],10
9;34;3;1;261.00;IDS,Proxy,Firewall;3,6,[5],[5],[5],1
9;35;3;2;229.00;Firewall,Proxy,IDS;3,6,[5],[5],[5],2
9;113;10;3;535.00;IDS,Firewall,Proxy;10,[9],[3],6,[5],6,3
9;31;2;10;676.00;Firewall,IDS,Proxy;2,[5],2,8,[11],8,2,[5],6,3,10
9;128;11;7;476.00;Proxy,IDS,Firewall;[11],[11],1,[4],7
9;131;11;10;649.00;Proxy,Firewall,IDS;[11],[11],[1],4,6,3,10
9;40;3;8;583.00;IDS,Firewall,Proxy;3,6,5,2,8,[11],8,2,[5],2,8,[11],8
9;69;6;3;407.00;Firewall,Proxy,IDS;6,[3],[9],[9],3
9;87;7;11;487.00;IDS,Proxy,Firewall;7,[9],3,6,5,2,8,[11],[11]
9;43;3;11;322.00;Proxy,Firewall,IDS;3,6,5,2,8,[11],[11],[11]
9;44;4;0;204.00;IDS,Proxy,Firewall;[4],[4],[4],1,0
9;45;4;1;203.00;IDS,Firewall,Proxy;[4],[4],[4],1
9;46;4;2;256.00;IDS,Proxy,Firewall;4,6,[5],[5],[5],2
9;24;2;3;345.00;IDS,Firewall,Proxy;2,5,[1],[5],[5],6,3
9;48;4;5;230.00;IDS,Proxy,Firewall;4,6,[5],[5],[5]
9;49;4;6;176.00;Firewall,Proxy,IDS;[4],[4],[4],6
9;50;4;7;275.00;IDS,Firewall,Proxy;[4],[4],[4],7
9;51;4;8;310.00;IDS,Proxy,Firewall;4,1,[11],[11],[11],8
9;112;10;2;647.00;Proxy,Firewall,IDS;10,3,6,5,[1],[1],[11],8,2
9;53;4;10;397.00;Firewall,IDS,Proxy;[4],[4],[4],7,9,10
9;58;5;3;689.00;IDS,Firewall,Proxy;5,6,[4],6,[3],6,[4],6,3
9;55;5;0;145.00;IDS,Firewall,Proxy;[5],[5],[5],1,0
9;56;5;1;144.00;Proxy,IDS,Firewall;[5],[5],[5],1
9;57;5;2;112.00;Firewall,IDS,Proxy;[5],[5],[5],2
9;54;4;11;287.00;Proxy,IDS,Firewall;[4],1,[11],[11]
9;59;5;4;230.00;Firewall,Proxy,IDS;[5],[5],[5],6,4
9;60;5;6;140.00;IDS,Proxy,Firewall;[5],[5],[5],6
9;42;3;10;553.00;IDS,Proxy,Firewall;3,[9],[9],[3],10
9;62;5;8;182.00;Firewall,Proxy,IDS;[5],[5],[5],2,8
9;18;1;8;193.00;Proxy,Firewall,IDS;1,[11],[11],[11],8
9;64;5;10;412.00;IDS,Firewall,Proxy;[5],[5],[5],6,3,10
9;78;7;1;392.00;Firewall,Proxy,IDS;7,[4],[4],[1]
9;66;6;0;199.00;IDS,Firewall,Proxy;6,[5],[5],[5],1,0
9;67;6;1;198.00;Firewall,Proxy,IDS;6,[5],[5],[5],1
9;68;6;2;166.00;Firewall,IDS,Proxy;6,[5],[5],[5],2
9;122;11;1;170.00;IDS,Proxy,Firewall;[11],[11],[11],1
9;70;6;4;176.00;Firewall,Proxy,IDS;6,[4],[4],[4]
9;71;6;5;140.00;IDS,Firewall,Proxy;6,[5],[5],[5]
9;37;3;5;461.00;IDS,Firewall,Proxy;3,[9],3,6,[5],[5]
9;73;6;8;236.00;Proxy,IDS,Firewall;6,[5],[5],[5],2,8
9;88;8;0;194.00;Firewall,IDS,Proxy;8,[11],[11],[1],0
9;126;11;5;205.00;Proxy,Firewall,IDS;[11],8,2,[5],[5]
9;92;8;4;310.00;Firewall,Proxy,IDS;8,[11],[11],[11],1,4
9;77;7;0;393.00;Firewall,IDS,Proxy;7,4,[1],[1],[1],0
9;121;11;0;171.00;Proxy,IDS,Firewall;[11],[11],[11],1,0
9;79;7;2;394.00;Firewall,IDS,Proxy;7,9,3,6,[5],[5],[5],2
9;72;6;7;599.00;IDS,Proxy,Firewall;6,[4],[4],[1],4,7
9;81;7;4;275.00;IDS,Proxy,Firewall;7,[4],[4],[4]
9;82;7;5;368.00;IDS,Proxy,Firewall;7,9,3,6,[5],[5],[5]
9;84;7;8;499.00;IDS,Firewall,Proxy;7,[4],[4],[4],1,11,8
9;118;10;8;508.00;IDS,Firewall,Proxy;10,3,6,[5],[5],[5],2,8
9;91;8;3;711.00;Firewall,IDS,Proxy;8,2,[5],[1],4,7,[9],3
9;127;11;6;259.00;Proxy,IDS,Firewall;[11],8,2,[5],[5],6
9;124;11;3;322.00;Firewall,IDS,Proxy;[11],[11],[11],8,2,5,6,3
9;15;1;5;144.00;IDS,Proxy,Firewall;[1],[1],[5]
9;89;8;1;193.00;Proxy,IDS,Firewall;8,[11],[11],[11],1
9;90;8;2;202.00;IDS,Proxy,Firewall;8,[11],[11],[11],8,2
9;97;8;10;637.00;IDS,Firewall,Proxy;8,2,[5],[5],6,[4],7,9,10
9;123;11;2;179.00;IDS,Firewall,Proxy;[11],[11],[11],8,2
9;93;8;5;182.00;Firewall,Proxy,IDS;8,2,[5],[5],[5]
9;94;8;6;236.00;Firewall,Proxy,IDS;8,2,[5],[5],[5],6
9;95;8;7;464.00;IDS,Firewall,Proxy;8,2,[5],[5],[5],6,3,9,7
9;110;10;0;729.00;Firewall,IDS,Proxy;10,[3],[9],3,6,[5],1,0
9;120;10;11;531.00;Firewall,Proxy,IDS;10,[3],6,5,2,8,[11],[11]
9;98;8;11;109.00;Firewall,IDS,Proxy;8,[11],[11],[11]
9;99;9;0;391.00;Proxy,IDS,Firewall;9,3,6,5,[1],[1],[1],0
9;100;9;1;390.00;IDS,Firewall,Proxy;9,3,6,5,[1],[1],[1]
9;101;9;2;358.00;Firewall,IDS,Proxy;9,3,6,[5],[5],[5],2
9;12;1;2;379.00;IDS,Proxy,Firewall;1,[5],1,[11],[11],8,2
9;109;9;11;451.00;Proxy,Firewall,IDS;9,3,6,5,2,8,[11],[11],[11]
9;76;6;11;259.00;Firewall,IDS,Proxy;6,[5],[5],2,8,[11]
9;111;10;1;470.00;IDS,Proxy,Firewall;10,3,6,5,[1],[1],[1]
9;115;10;5;412.00;Proxy,IDS,Firewall;10,3,6,[5],[5],[5]
9;107;9;8;428.00;Proxy,IDS,Firewall;9,3,6,[5],[5],[5],2,8
9;10;0;11;171.00;IDS,Firewall,Proxy;0,1,[11],[11],[11]
9;108;9;10;658.00;IDS,Firewall,Proxy;[9],[3],6,[5],6,3,10
9;106;9;7;380.00;IDS,Firewall,Proxy;[9],[3],[9],7
9;105;9;6;597.00;Proxy,IDS,Firewall;[9],3,6,[5],1,[4],6
9;104;9;5;332.00;Proxy,IDS,Firewall;[9],[9],3,6,[5]
9;103;9;4;311.00;IDS,Firewall,Proxy;9,7,[4],[4],[4]
9;102;9;3;521.00;IDS,Firewall,Proxy;[9],[3],6,[4],6,3
9;96;8;9;590.00;IDS,Proxy,Firewall;8,[11],8,2,[5],[1],5,6,3,9
9;117;10;7;586.00;Firewall,Proxy,IDS;10,9,7,[4],[4],[4],7
9;85;7;9;696.00;IDS,Firewall,Proxy;7,4,[1],[1],5,6,3,[9]
9;83;7;6;680.00;Firewall,Proxy,IDS;7,9,[3],[9],3,6,[5],6
9;80;7;3;485.00;Proxy,Firewall,IDS;7,[9],[3],6,[5],6,3
9;74;6;9;659.00;IDS,Proxy,Firewall;6,[4],7,[9],[3],9
9;61;5;7;684.00;Firewall,Proxy,IDS;[5],1,[4],[1],4,7
9;47;4;3;440.00;Firewall,Proxy,IDS;[4],[4],7,[9],3
9;36;3;4;440.00;Proxy,IDS,Firewall;3,[9],7,[4],[4]
9;52;4;9;652.00;IDS,Firewall,Proxy;4,1,[11],8,2,5,6,[3],[9]
9;41;3;9;722.00;IDS,Firewall,Proxy;3,[9],[3],6,[4],7,9
9;38;3;6;594.00;IDS,Proxy,Firewall;3,6,[5],1,[4],6,[3],6
9;119;10;9;658.00;Firewall,IDS,Proxy;10,[3],6,[5],[5],6,3,9
9;116;10;6;595.00;Firewall,IDS,Proxy;10,9,7,[4],6,[5],[5],6
9;39;3;7;723.00;IDS,Firewall,Proxy;3,6,5,2,8,[11],8,2,5,6,[3],[9],7
9;28;2;7;760.00;Proxy,Firewall,IDS;2,5,[1],[11],1,[5],1,4,7
9;8;0;9;687.00;Proxy,IDS,Firewall;0,1,[4],7,[9],[3],9
10;0;0;1;87.00;Proxy,IDS,Firewall;0,[1],[1],[1]
10;1;0;2;171.00;IDS,Proxy,Firewall;0,1,[5],[5],[5],2
10;120;10;11;537.00;Firewall,Proxy,IDS;10,[9],3,6,5,2,8,[11],[11]
10;127;11;6;377.00;Proxy,IDS,Firewall;[11],[11],[11],1,4,6
10;4;0;5;145.00;Firewall,Proxy,IDS;0,[1],[1],[1],5
10;131;11;10;649.00;Proxy,Firewall,IDS;[11],[11],[11],1,4,6,3,10
10;109;9;11;451.00;Proxy,Firewall,IDS;[9],3,6,5,2,8,[11],[11]
10;121;11;0;171.00;Proxy,IDS,Firewall;[11],[11],[11],1,0
10;6;0;7;522.00;Proxy,Firewall,IDS;0,1,4,6,[3],[3],[3],9,7
10;15;1;5;312.00;IDS,Proxy,Firewall;1,[11],[11],[11],1,5
10;13;1;3;406.00;Firewall,Proxy,IDS;1,[11],[11],[11],8,2,5,6,3
10;63;5;9;332.00;IDS,Firewall,Proxy;[5],[5],6,[3],9
10;12;1;2;170.00;IDS,Proxy,Firewall;[1],[1],[1],5,2
10;71;6;5;678.00;IDS,Firewall,Proxy;6,3,[9],7,4,[1],[5]
10;89;8;1;193.00;Proxy,IDS,Firewall;8,[11],[11],[11],1
10;76;6;11;377.00;Firewall,IDS,Proxy;6,4,1,[11],[11],[11]
10;16;1;6;198.00;IDS,Proxy,Firewall;1,[5],[5],[5],6
10;17;1;7;392.00;IDS,Proxy,Firewall;[1],[1],[1],4,7
10;43;3;11;345.00;Proxy,Firewall,IDS;[3],[3],6,5,[1],11
10;77;7;0;561.00;Firewall,IDS,Proxy;7,4,1,[11],[11],[11],1,0
10;2;0;3;378.00;IDS,Proxy,Firewall;0,1,[5],[1],[1],5,6,3
10;33;3;0;520.00;Firewall,IDS,Proxy;[3],[3],[9],3,6,5,1,0
10;22;2;0;171.00;Firewall,IDS,Proxy;2,5,[1],[1],[1],0
10;23;2;1;170.00;IDS,Proxy,Firewall;2,5,[1],[1],[1]
10;123;11;2;179.00;IDS,Firewall,Proxy;[11],[11],[11],8,2
10;57;5;2;228.00;Firewall,IDS,Proxy;5,[1],[1],[5],2
10;108;9;10;424.00;IDS,Firewall,Proxy;9,[3],[3],[3],10
10;9;0;10;471.00;Proxy,Firewall,IDS;0,1,[5],[5],6,[3],10
10;28;2;7;394.00;Proxy,Firewall,IDS;2,5,6,[3],[3],[3],9,7
10;67;6;1;461.00;Firewall,Proxy,IDS;6,4,1,[11],[11],[11],1
10;30;2;9;358.00;IDS,Proxy,Firewall;2,5,6,3,[9],[9],[9]
10;42;3;10;740.00;IDS,Proxy,Firewall;3,6,[5],[5],[1],4,6,3,10
10;115;10;5;418.00;Proxy,IDS,Firewall;10,[9],3,6,[5],[5]
10;48;4;5;429.00;IDS,Proxy,Firewall;4,1,[11],[11],[11],1,5
10;34;3;1;261.00;IDS,Proxy,Firewall;[3],[3],[3],6,5,1
10;35;3;2;229.00;Firewall,Proxy,IDS;[3],[3],[3],6,5,2
10;36;3;4;239.00;Proxy,IDS,Firewall;[3],[3],[3],6,4
10;37;3;5;203.00;IDS,Firewall,Proxy;[3],[3],[3],6,5
10;38;3;6;149.00;IDS,Proxy,Firewall;[3],[3],[3],6
10;39;3;7;251.00;IDS,Firewall,Proxy;[3],[3],[3],9,7
10;40;3;8;299.00;IDS,Firewall,Proxy;3,6,[5],[5],[5],2,8
10;41;3;9;215.00;IDS,Firewall,Proxy;[3],[3],[3],9
10;130;11;9;474.00;IDS,Firewall,Proxy;[11],1,[5],[5],6,3,9
10;21;1;11;170.00;Proxy,Firewall,IDS;1,[11],[11],[11]
10;54;4;11;287.00;Proxy,IDS,Firewall;4,1,[11],[11],[11]
10;70;6;4;410.00;Firewall,Proxy,IDS;6,[5],6,[3],[3],6,4
10;46;4;2;256.00;IDS,Proxy,Firewall;4,6,[5],[5],[5],2
10;47;4;3;239.00;Firewall,Proxy,IDS;4,6,[3],[3],[3]
10;88;8;0;475.00;Firewall,IDS,Proxy;8,2,[5],6,[3],[3],6,5,1,0
10;103;9;4;652.00;IDS,Firewall,Proxy;9,3,6,5,2,8,[11],[11],[11],1,4
10;118;10;8;577.00;IDS,Firewall,Proxy;10,[3],[3],6,5,[1],11,8
10;18;1;8;193.00;Proxy,Firewall,IDS;1,[11],[11],[11],8
10;52;4;9;311.00;IDS,Firewall,Proxy;4,7,[9],[9],[9]
10;53;4;10;397.00;Firewall,IDS,Proxy;4,7,[9],[9],[9],10
10;119;10;9;664.00;Firewall,IDS,Proxy;10,[9],3,6,[5],6,3,[9]
10;85;7;9;380.00;IDS,Firewall,Proxy;7,9,[3],[3],[3],9
10;56;5;1;144.00;Proxy,IDS,Firewall;5,[1],[1],[1]
10;31;2;10;438.00;Firewall,IDS,Proxy;2,[5],[5],6,[3],10
10;58;5;3;203.00;IDS,Firewall,Proxy;5,6,[3],[3],[3]
10;24;2;3;533.00;IDS,Firewall,Proxy;2,8,[11],[11],[11],1,4,6,3
10;116;10;6;588.00;Firewall,IDS,Proxy;10,[9],3,6,[5],[1],5,6
10;55;5;0;379.00;IDS,Firewall,Proxy;5,6,[3],[3],6,[5],1,0
10;20;1;10;565.00;Firewall,Proxy,IDS;[1],[1],4,6,[3],10
10;90;8;2;202.00;IDS,Proxy,Firewall;8,[11],[11],[11],8,2
10;64;5;10;412.00;IDS,Firewall,Proxy;[5],[5],[5],6,3,10
10;66;6;0;621.00;IDS,Firewall,Proxy;6,[3],[9],[9],7,4,1,0
10;29;2;8;202.00;Proxy,IDS,Firewall;2,8,[11],[11],[11],8
10;49;4;6;302.00;Firewall,Proxy,IDS;4,6,[3],[3],[3],6
10;68;6;2;400.00;Firewall,IDS,Proxy;6,[5],6,[3],6,[5],2
10;69;6;3;149.00;Firewall,Proxy,IDS;6,[3],[3],[3]
10;27;2;6;352.00;Firewall,IDS,Proxy;2,8,[11],[11],[11],8,2,5,6
10;82;7;5;368.00;IDS,Proxy,Firewall;7,9,[3],6,[5],[5]
10;32;2;11;179.00;Firewall,Proxy,IDS;2,8,[11],[11],[11]
10;60;5;6;524.00;IDS,Proxy,Firewall;5,6,3,[9],[9],[3],6
10;74;6;9;278.00;IDS,Proxy,Firewall;6,3,[9],[9],[9]
10;75;6;10;358.00;Firewall,Proxy,IDS;6,[3],[3],[3],10
10;107;9;8;428.00;Proxy,IDS,Firewall;9,[3],[3],[3],6,5,2,8
10;93;8;5;251.00;Firewall,Proxy,IDS;8,[11],[11],[11],1,5
10;112;10;2;444.00;Proxy,Firewall,IDS;10,[9],[9],[3],6,5,2
10;61;5;7;368.00;Firewall,Proxy,IDS;[5],6,[3],[3],9,7
10;80;7;3;251.00;Proxy,Firewall,IDS;7,[9],[9],[9],3
10;51;4;8;710.00;IDS,Proxy,Firewall;4,6,[3],[9],[3],6,5,2,8
10;10;0;11;171.00;IDS,Firewall,Proxy;0,1,[11],[11],[11]
10;83;7;6;314.00;Firewall,Proxy,IDS;7,9,[3],[3],[3],6
10;84;7;8;464.00;IDS,Firewall,Proxy;7,[9],[9],[9],3,6,5,2,8
10;98;8;11;109.00;Firewall,IDS,Proxy;8,[11],[11],[11]
10;86;7;10;208.00;IDS,Firewall,Proxy;7,[9],[9],[9],10
10;92;8;4;591.00;Firewall,Proxy,IDS;8,2,[5],6,[3],6,[5],1,4
10;26;2;5;298.00;Proxy,Firewall,IDS;2,8,[11],[11],[11],8,2,5
10;78;7;1;426.00;Firewall,Proxy,IDS;7,[9],[3],[3],6,5,1
10;65;5;11;228.00;Proxy,IDS,Firewall;5,1,[11],[11],[11]
10;91;8;3;299.00;Firewall,IDS,Proxy;8,2,[5],[5],[5],6,3
10;110;10;0;709.00;Firewall,IDS,Proxy;10,3,6,[5],2,8,[11],8,2,[5],1,0
10;72;6;7;504.00;IDS,Proxy,Firewall;6,[5],[5],[1],4,7
10;94;8;6;236.00;Firewall,Proxy,IDS;8,2,[5],[5],[5],6
10;114;10;4;397.00;Firewall,Proxy,IDS;10,[9],[9],[9],7,4
10;96;8;9;686.00;IDS,Proxy,Firewall;8,2,5,6,[3],[9],[3],9
10;97;8;10;508.00;IDS,Firewall,Proxy;8,2,5,6,[3],[3],[3],10
10;117;10;7;208.00;Firewall,Proxy,IDS;10,[9],[9],[9],7
10;99;9;0;391.00;Proxy,IDS,Firewall;[9],[9],[9],3,6,5,1,0
10;11;1;0;255.00;IDS,Firewall,Proxy;1,[11],[11],[11],1,0
10;101;9;2;358.00;Firewall,IDS,Proxy;9,[3],[3],[3],6,5,2
10;102;9;3;215.00;IDS,Firewall,Proxy;[9],[9],[9],3
10;25;2;4;256.00;Firewall,IDS,Proxy;2,[5],[5],[5],6,4
10;104;9;5;332.00;Proxy,IDS,Firewall;9,[3],[3],[3],6,5
10;105;9;6;278.00;Proxy,IDS,Firewall;[9],[9],[9],3,6
10;126;11;5;462.00;Proxy,Firewall,IDS;11,1,[5],6,[3],6,[5]
10;5;0;6;528.00;IDS,Proxy,Firewall;0,1,4,6,[3],[3],6,[5],6
10;8;0;9;545.00;Proxy,IDS,Firewall;0,1,[5],[5],[1],4,7,9
10;128;11;7;476.00;Proxy,IDS,Firewall;[11],[11],[11],1,4,7
10;81;7;4;677.00;IDS,Proxy,Firewall;7,4,1,[11],[11],[11],1,4
10;50;4;7;711.00;IDS,Firewall,Proxy;4,1,[11],[1],5,6,3,[9],7
10;44;4;0;372.00;IDS,Proxy,Firewall;4,1,[11],[11],[11],1,0
10;62;5;8;251.00;Firewall,Proxy,IDS;5,1,[11],[11],[11],8
10;95;8;7;510.00;IDS,Firewall,Proxy;8,[11],8,2,[5],[5],6,3,9,7
10;113;10;3;952.00;IDS,Firewall,Proxy;10,9,7,4,1,[11],[11],[11],1,4,6,3
10;129;11;8;109.00;Proxy,Firewall,IDS;[11],[11],[11],8
10;79;7;2;569.00;Firewall,IDS,Proxy;7,4,1,[11],[11],[11],8,2
10;125;11;4;287.00;Firewall,IDS,Proxy;[11],[11],[11],1,4
10;111;10;1;682.00;IDS,Proxy,Firewall;10,9,7,4,1,[11],[11],[11],1
10;3;0;4;372.00;Proxy,IDS,Firewall;0,1,[11],[11],[11],1,4
10;73;6;8;400.00;Proxy,IDS,Firewall;6,4,1,[11],[11],[11],8
10;87;7;11;476.00;IDS,Proxy,Firewall;7,4,1,[11],[11],[11]
10;124;11;3;440.00;Firewall,IDS,Proxy;[11],[11],[11],1,4,6,3
10;19;1;9;558.00;Firewall,Proxy,IDS;1,[11],[11],[1],5,6,3,9
10;100;9;1;596.00;IDS,Firewall,Proxy;9,7,4,1,[11],[11],[11],1
10;59;5;4;429.00;Firewall,Proxy,IDS;5,1,[11],[11],[11],1,4
10;122;11;1;170.00;IDS,Proxy,Firewall;[11],[11],[11],1
10;7;0;8;194.00;Proxy,Firewall,IDS;0,1,[11],[11],[11],8
10;45;4;1;371.00;IDS,Firewall,Proxy;4,1,[11],[11],[11],1
10;14;1;4;487.00;Firewall,Proxy,IDS;1,[11],[11],1,[5],1,4
10;106;9;7;841.00;IDS,Firewall,Proxy;9,3,6,5,2,8,[11],[11],[11],1,4,7
11;85;7;9;696.00;IDS,Firewall,Proxy;7,4,[1],[1],[5],6,3,9
11;47;4;3;639.00;Firewall,Proxy,IDS;4,1,[11],8,2,[5],[1],5,6,3
11;30;2;9;544.00;IDS,Proxy,Firewall;2,8,[11],[11],[11],8,2,5,6,3,9
11;2;0;3;407.00;IDS,Proxy,Firewall;0,1,[11],[11],[11],8,2,5,6,3
11;38;3;6;495.00;IDS,Proxy,Firewall;3,6,5,2,8,[11],[11],[11],8,2,5,6
11;125;11;4;571.00;Firewall,IDS,Proxy;[11],1,[5],1,[11],1,4
11;23;2;1;263.00;IDS,Proxy,Firewall;2,8,[11],[11],[11],1
11;28;2;7;641.00;Proxy,Firewall,IDS;2,8,[11],[11],1,4,7,[9],7
11;94;8;6;282.00;Firewall,Proxy,IDS;8,[11],[11],[11],8,2,5,6
11;95;8;7;678.00;IDS,Firewall,Proxy;8,11,[1],[11],8,2,[5],6,3,9,7
11;111;10;1;682.00;IDS,Proxy,Firewall;10,[9],7,4,1,[11],[11],1
11;131;11;10;531.00;Proxy,Firewall,IDS;11,8,2,5,6,3,[10],[10],[10]
11;102;9;3;615.00;IDS,Firewall,Proxy;[9],[10],3,6,[5],6,3
11;35;3;2;415.00;Firewall,Proxy,IDS;3,6,5,2,8,[11],[11],[11],8,2
11;79;7;2;569.00;Firewall,IDS,Proxy;7,4,1,[11],[11],[11],8,2
11;130;11;9;512.00;IDS,Firewall,Proxy;[11],[11],[11],1,4,7,9
11;51;4;8;426.00;IDS,Proxy,Firewall;4,1,[5],[5],1,[11],8
11;97;8;10;554.00;IDS,Firewall,Proxy;8,[11],[11],[11],8,2,5,6,3,10
11;33;3;0;724.00;Firewall,IDS,Proxy;3,[10],[10],[10],9,7,4,1,0
11;101;9;2;605.00;Firewall,IDS,Proxy;9,7,4,1,[11],[11],[11],8,2
11;20;1;10;470.00;Firewall,Proxy,IDS;1,5,6,3,[10],[10],[10]
11;21;1;11;170.00;Proxy,Firewall,IDS;1,[11],[11],[11]
11;1;0;2;548.00;IDS,Proxy,Firewall;0,1,[11],1,[5],1,[11],8,2
11;127;11;6;661.00;Proxy,IDS,Firewall;[11],1,[5],1,[11],1,4,6
11;43;3;11;560.00;Proxy,Firewall,IDS;3,6,[5],2,8,[11],8,2,[5],2,8,11
11;48;4;5;545.00;IDS,Proxy,Firewall;4,1,[11],1,[5],[1],5
11;55;5;0;313.00;IDS,Firewall,Proxy;5,1,[11],[11],[11],1,0
11;123;11;2;254.00;IDS,Firewall,Proxy;[11],[11],1,[5],2
11;40;3;8;723.00;IDS,Firewall,Proxy;3,[9],[10],[10],3,6,5,2,8
11;29;2;8;202.00;Proxy,IDS,Firewall;2,8,[11],[11],[11],8
11;80;7;3;712.00;Proxy,Firewall,IDS;7,4,1,[11],[11],[11],8,2,5,6,3
11;31;2;10;438.00;Firewall,IDS,Proxy;2,5,6,3,[10],[10],[10]
11;32;2;11;179.00;Firewall,Proxy,IDS;2,8,[11],[11],[11]
11;124;11;3;345.00;Firewall,IDS,Proxy;[11],[11],1,[5],6,3
11;74;6;9;624.00;IDS,Proxy,Firewall;6,5,2,8,[11],[11],[11],8,2,5,6,3,9
11;17;1;7;508.00;IDS,Proxy,Firewall;[1],[5],[1],4,7
11;103;9;4;714.00;IDS,Firewall,Proxy;9,3,6,5,2,8,[11],[11],8,2,[5],6,4
11;128;11;7;476.00;Proxy,IDS,Firewall;[11],[11],[11],1,4,7
11;113;10;3;651.00;IDS,Firewall,Proxy;10,[9],3,6,5,[1],[5],6,3
11;27;2;6;375.00;Firewall,IDS,Proxy;2,8,[11],[11],1,[5],6
11;54;4;11;287.00;Proxy,IDS,Firewall;4,1,[11],[11],[11]
11;92;8;4;310.00;Firewall,Proxy,IDS;8,[11],[11],[11],1,4
11;8;0;9;545.00;Proxy,IDS,Firewall;0,1,[5],[1],[1],4,7,9
11;121;11;0;171.00;Proxy,IDS,Firewall;[11],[11],[11],1,0
11;41;3;9;381.00;IDS,Firewall,Proxy;3,[10],[10],[10],9
11;98;8;11;109.00;Firewall,IDS,Proxy;8,[11],[11],[11]
11;45;4;1;371.00;IDS,Firewall,Proxy;4,1,[11],[11],[11],1
11;83;7;6;486.00;Firewall,Proxy,IDS;7,9,[10],[10],[9],3,6
11;4;0;5;313.00;Firewall,Proxy,IDS;0,1,[11],[11],[11],1,5
11;10;0;11;171.00;IDS,Firewall,Proxy;0,1,[11],[11],[11]
11;81;7;4;543.00;IDS,Proxy,Firewall;7,[9],3,6,[5],[1],4
11;42;3;10;295.00;IDS,Proxy,Firewall;3,[10],[10],[10]
11;11;1;0;255.00;IDS,Firewall,Proxy;1,[11],[11],[11],1,0
11;53;4;10;397.00;Firewall,IDS,Proxy;4,7,9,[10],[10],[10]
11;25;2;4;380.00;Firewall,IDS,Proxy;2,8,[11],[11],[11],1,4
11;63;5;9;498.00;IDS,Firewall,Proxy;5,6,3,[10],[10],[10],9
11;69;6;3;518.00;Firewall,Proxy,IDS;6,5,2,8,[11],[11],[1],5,6,3
11;46;4;2;403.00;IDS,Proxy,Firewall;4,[1],[5],[1],5,2
11;129;11;8;109.00;Proxy,Firewall,IDS;[11],[11],[11],8
11;86;7;10;208.00;IDS,Firewall,Proxy;7,[9],[10],[10]
11;65;5;11;228.00;Proxy,IDS,Firewall;5,1,[11],[11],[11]
11;88;8;0;194.00;Firewall,IDS,Proxy;8,[11],[11],[11],1,0
11;87;7;11;476.00;IDS,Proxy,Firewall;7,4,1,[11],[11],[11]
11;66;6;0;367.00;IDS,Firewall,Proxy;6,[5],1,[11],[11],1,0
11;105;9;6;444.00;Proxy,IDS,Firewall;9,[10],[10],[10],3,6
11;50;4;7;677.00;IDS,Firewall,Proxy;4,1,[11],[11],[11],1,4,7
11;18;1;8;193.00;Proxy,Firewall,IDS;1,[11],[11],[11],8
11;6;0;7;561.00;Proxy,Firewall,IDS;0,1,[11],[11],[11],1,4,7
11;68;6;2;470.00;Firewall,IDS,Proxy;6,4,1,[11],[11],[11],8,2
11;112;10;2;438.00;Proxy,Firewall,IDS;[10],[10],[10],3,6,5,2
11;122;11;1;170.00;IDS,Proxy,Firewall;[11],[11],[11],1
11;106;9;7;294.00;IDS,Firewall,Proxy;[9],[10],[10],9,7
11;104;9;5;498.00;Proxy,IDS,Firewall;9,[10],[10],[10],3,6,5
11;108;9;10;172.00;IDS,Firewall,Proxy;9,[10],[10],[10]
11;110;10;0;616.00;Firewall,IDS,Proxy;10,3,6,5,2,8,[11],[11],[11],1,0
11;75;6;10;358.00;Firewall,Proxy,IDS;6,3,[10],[10],[10]
11;7;0;8;194.00;Proxy,Firewall,IDS;0,1,[11],[11],[11],8
11;39;3;7;601.00;IDS,Firewall,Proxy;3,6,5,[1],[1],[5],6,3,9,7
11;117;10;7;208.00;Firewall,Proxy,IDS;[10],[10],[10],9,7
11;5;0;6;344.00;IDS,Proxy,Firewall;0,1,[11],[11],[11],8,2,5,6
11;109;9;11;512.00;Proxy,Firewall,IDS;9,7,4,1,[11],[11],[11]
11;119;10;9;172.00;Firewall,IDS,Proxy;[10],[10],[10],9
11;72;6;7;620.00;IDS,Proxy,Firewall;6,5,[1],[5],[1],4,7
11;91;8;3;463.00;Firewall,IDS,Proxy;8,[11],[11],[11],1,4,6,3
11;36;3;4;641.00;Proxy,IDS,Firewall;3,6,4,1,[11],[11],[11],1,4
11;84;7;8;676.00;IDS,Firewall,Proxy;7,[9],[10],3,6,5,2,8,[11],8
11;56;5;1;312.00;Proxy,IDS,Firewall;5,1,[11],[11],[11],1
11;0;0;1;203.00;Proxy,IDS,Firewall;0,1,[5],[1],[1]
11;3;0;4;372.00;Proxy,IDS,Firewall;0,1,[11],[11],[11],1,4
11;44;4;0;372.00;IDS,Proxy,Firewall;4,1,[11],[11],[11],1,0
11;90;8;2;202.00;IDS,Proxy,Firewall;8,[11],[11],[11],8,2
11;15;1;5;382.00;IDS,Proxy,Firewall;1,[5],[5],2,8,[11],8,2,5
11;107;9;8;474.00;Proxy,IDS,Firewall;9,3,6,5,2,8,[11],[11],[11],8
11;22;2;0;264.00;Firewall,IDS,Proxy;2,8,[11],[11],[11],1,0
11;99;9;0;557.00;Proxy,IDS,Firewall;9,[10],3,6,[5],[1],0
11;78;7;1;560.00;Firewall,Proxy,IDS;7,4,1,[11],[11],[11],1
11;52;4;9;652.00;IDS,Firewall,Proxy;4,1,[11],[11],[11],8,2,5,6,3,9
11;126;11;5;512.00;Proxy,Firewall,IDS;11,1,[5],1,[11],[11],1,5
11;13;1;3;524.00;Firewall,Proxy,IDS;1,[11],[11],[11],1,4,6,3
11;82;7;5;534.00;IDS,Proxy,Firewall;7,[9],[10],[10],3,6,5
11;49;4;6;460.00;Firewall,Proxy,IDS;4,1,[11],[11],[11],8,2,5,6
11;114;10;4;397.00;Firewall,Proxy,IDS;[10],[10],[10],9,7,4
11;115;10;5;650.00;Proxy,IDS,Firewall;10,3,6,5,2,8,[11],[11],[11],8,2,5
11;120;10;11;531.00;Firewall,Proxy,IDS;10,3,6,5,2,8,[11],[11],[11]
11;100;9;1;535.00;IDS,Firewall,Proxy;[9],3,6,5,2,8,[11],[11],1
11;34;3;1;664.00;IDS,Proxy,Firewall;3,[9],3,6,[5],2,8,[11],1
11;93;8;5;251.00;Firewall,Proxy,IDS;8,[11],1,[5],[5]
11;118;10;8;554.00;IDS,Firewall,Proxy;10,3,6,[5],2,8,[11],[11],8
11;73;6;8;305.00;Proxy,IDS,Firewall;6,[5],[5],[1],11,8
11;71;6;5;401.00;IDS,Firewall,Proxy;6,5,[1],[11],8,2,[5]
11;19;1;9;535.00;Firewall,Proxy,IDS;1,[11],8,2,[5],[5],6,3,9
11;61;5;7;595.00;Firewall,Proxy,IDS;5,2,8,[11],[11],[11],1,4,7
11;24;2;3;490.00;IDS,Firewall,Proxy;2,5,[1],[11],8,2,[5],6,3
11;59;5;4;713.00;Firewall,Proxy,IDS;5,1,[11],1,[5],1,[11],1,4
11;67;6;1;577.00;Firewall,Proxy,IDS;6,4,1,[11],1,[5],[5],1
11;58;5;3;441.00;IDS,Firewall,Proxy;[5],2,8,[11],8,2,[5],6,3
11;77;7;0;654.00;Firewall,IDS,Proxy;7,4,1,[11],8,2,[5],[5],1,0
11;14;1;4;433.00;Firewall,Proxy,IDS;1,[11],8,2,[5],[5],6,4
11;26;2;5;298.00;Proxy,Firewall,IDS;2,8,[11],[11],8,2,[5]
11;64;5;10;791.00;IDS,Firewall,Proxy;5,1,[11],[11],[11],1,4,6,3,10
11;9;0;10;639.00;Proxy,Firewall,IDS;0,1,[11],[11],[1],5,6,3,10
11;57;5;2;321.00;Firewall,IDS,Proxy;5,1,[11],[11],[11],8,2
11;62;5;8;251.00;Firewall,Proxy,IDS;5,1,[11],[11],[11],8
11;60;5;6;401.00;IDS,Proxy,Firewall;5,[1],[11],[11],8,2,5,6
11;37;3;5;582.00;IDS,Firewall,Proxy;3,6,4,1,[11],[11],[11],1,5
11;16;1;6;459.00;IDS,Proxy,Firewall;1,[11],8,2,[5],[1],5,6
11;12;1;2;454.00;IDS,Proxy,Firewall;1,[11],1,[5],[1],5,2
11;70;6;4;460.00;Firewall,Proxy,IDS;6,5,2,8,[11],[11],[11],1,4
11;96;8;9;651.00;IDS,Proxy,Firewall;8,11,[1],[5],[1],4,7,9
11;76;6;11;282.00;Firewall,IDS,Proxy;6,5,[1],[1],[11]
11;116;10;6;889.00;Firewall,IDS,Proxy;10,9,7,4,[1],[1],[11],1,4,6
11;89;8;1;477.00;Proxy,IDS,Firewall;8,[11],1,[5],1,[11],1
12;64;5;10;650.00;IDS,Firewall,Proxy;5,2,8,[11],[11],[11],8,2,5,6,3,10
12;60;5;6;524.00;IDS,Proxy,Firewall;5,6,3,[9],[9],[9],3,6
12;37;3;5;582.00;IDS,Firewall,Proxy;3,6,4,1,[11],[11],[11],1,5
12;86;7;10;1039.00;IDS,Firewall,Proxy;7,4,1,[11],[11],[11],1,4,6,3,10
12;96;8;9;535.00;IDS,Proxy,Firewall;8,[11],[11],[11],1,4,7,9
12;113;10;3;952.00;IDS,Firewall,Proxy;10,9,7,4,1,[11],[11],[11],1,4,6,3
12;90;8;2;202.00;IDS,Proxy,Firewall;8,[11],[11],[11],8,2
12;15;1;5;289.00;IDS,Proxy,Firewall;1,[11],[11],[11],8,2,5
12;8;0;9;391.00;Proxy,IDS,Firewall;0,1,5,6,3,[9],[9],[9]
12;44;4;0;372.00;IDS,Proxy,Firewall;4,1,[11],[11],[11],1,0
12;67;6;1;461.00;Firewall,Proxy,IDS;6,4,1,[11],[11],[11],1
12;66;6;0;344.00;IDS,Firewall,Proxy;6,5,2,8,[11],[11],[11],1,0
12;131;11;10;531.00;Proxy,Firewall,IDS;[11],[11],[11],8,2,5,6,3,10
12;109;9;11;451.00;Proxy,Firewall,IDS;[9],3,6,5,2,8,[11],[11]
12;97;8;10;554.00;IDS,Firewall,Proxy;8,[11],[11],[11],8,2,5,6,3,10
12;11;1;0;255.00;IDS,Firewall,Proxy;1,[11],[11],[11],1,0
12;124;11;3;440.00;Firewall,IDS,Proxy;[11],[11],[11],1,4,6,3
12;17;1;7;560.00;IDS,Proxy,Firewall;1,[11],[11],[11],1,4,7
12;33;3;0;558.00;Firewall,IDS,Proxy;3,[9],[9],[9],7,4,1,0
12;19;1;9;390.00;Firewall,Proxy,IDS;1,5,6,3,[9],[9],[9]
12;45;4;1;371.00;IDS,Firewall,Proxy;4,1,[11],[11],[11],1
12;88;8;0;194.00;Firewall,IDS,Proxy;8,[11],[11],[11],1,0
12;46;4;2;380.00;IDS,Proxy,Firewall;4,1,[11],[11],[11],8,2
12;59;5;4;429.00;Firewall,Proxy,IDS;5,1,[11],[11],[11],1,4
12;38;3;6;731.00;IDS,Proxy,Firewall;3,6,4,1,[11],[11],[11],1,4,6
12;120;10;11;531.00;Firewall,Proxy,IDS;10,3,6,5,2,8,[11],[11],[11]
12;99;9;0;536.00;Proxy,IDS,Firewall;9,3,6,5,2,8,[11],[11],[11],1,0
12;75;6;10;704.00;Firewall,Proxy,IDS;6,5,2,8,[11],[11],[11],8,2,5,6,3,10
12;28;2;7;394.00;Proxy,Firewall,IDS;2,5,6,3,[9],[9],[9],7
12;125;11;4;287.00;Firewall,IDS,Proxy;[11],[11],[11],1,4
12;104;9;5;570.00;Proxy,IDS,Firewall;9,3,6,5,2,8,[11],[11],[11],8,2,5
12;115;10;5;740.00;Proxy,IDS,Firewall;10,9,7,4,1,[11],[11],[11],1,5
12;36;3;4;523.00;Proxy,IDS,Firewall;3,6,5,2,8,[11],[11],[11],1,4
12;34;3;1;406.00;IDS,Proxy,Firewall;3,6,5,2,8,[11],[11],[11],1
12;98;8;11;109.00;Firewall,IDS,Proxy;8,[11],[11],[11]
12;91;8;3;345.00;Firewall,IDS,Proxy;8,[11],[11],[11],8,2,5,6,3
12;112;10;2;624.00;Proxy,Firewall,IDS;10,3,6,5,2,8,[11],[11],[11],8,2
12;130;11;9;451.00;IDS,Firewall,Proxy;11,8,2,5,6,3,[9],[9],[9]
12;87;7;11;476.00;IDS,Proxy,Firewall;7,4,1,[11],[11],[11]
12;53;4;10;850.00;Firewall,IDS,Proxy;4,1,[11],[11],[11],1,4,6,3,10
12;35;3;2;533.00;Firewall,Proxy,IDS;3,6,4,1,[11],[11],[11],8,2
12;41;3;9;215.00;IDS,Firewall,Proxy;3,[9],[9],[9]
12;16;1;6;343.00;IDS,Proxy,Firewall;1,[11],[11],[11],8,2,5,6
12;100;9;1;535.00;IDS,Firewall,Proxy;9,3,6,5,2,8,[11],[11],[11],1
12;78;7;1;560.00;Firewall,Proxy,IDS;7,4,1,[11],[11],[11],1
12;21;1;11;170.00;Proxy,Firewall,IDS;1,[11],[11],[11]
12;32;2;11;179.00;Firewall,Proxy,IDS;2,8,[11],[11],[11]
12;77;7;0;561.00;Firewall,IDS,Proxy;7,4,1,[11],[11],[11],1,0
12;68;6;2;352.00;Firewall,IDS,Proxy;6,5,2,8,[11],[11],[11],8,2
12;76;6;11;377.00;Firewall,IDS,Proxy;6,4,1,[11],[11],[11]
12;118;10;8;621.00;IDS,Firewall,Proxy;10,9,7,4,1,[11],[11],[11],8
12;12;1;2;263.00;IDS,Proxy,Firewall;1,[11],[11],[11],8,2
12;22;2;0;264.00;Firewall,IDS,Proxy;2,8,[11],[11],[11],1,0
12;122;11;1;170.00;IDS,Proxy,Firewall;[11],[11],[11],1
12;43;3;11;440.00;Proxy,Firewall,IDS;3,6,4,1,[11],[11],[11]
12;20;1;10;733.00;Firewall,Proxy,IDS;1,[11],[11],[11],1,4,6,3,10
12;127;11;6;377.00;Proxy,IDS,Firewall;[11],[11],[11],1,4,6
12;56;5;1;312.00;Proxy,IDS,Firewall;5,1,[11],[11],[11],1
12;101;9;2;605.00;Firewall,IDS,Proxy;9,7,4,1,[11],[11],[11],8,2
12;126;11;5;205.00;Proxy,Firewall,IDS;[11],[11],[11],8,2,5
12;18;1;8;193.00;Proxy,Firewall,IDS;1,[11],[11],[11],8
12;51;4;8;310.00;IDS,Proxy,Firewall;4,1,[11],[11],[11],8
12;2;0;3;525.00;IDS,Proxy,Firewall;0,1,[11],[11],[11],1,4,6,3
12;129;11;8;109.00;Proxy,Firewall,IDS;[11],[11],[11],8
12;103;9;4;652.00;IDS,Firewall,Proxy;9,3,6,5,2,8,[11],[11],[11],1,4
12;3;0;4;372.00;Proxy,IDS,Firewall;0,1,[11],[11],[11],1,4
12;14;1;4;371.00;Firewall,Proxy,IDS;1,[11],[11],[11],1,4
12;4;0;5;290.00;Firewall,Proxy,IDS;0,1,[11],[11],[11],8,2,5
12;40;3;8;463.00;IDS,Firewall,Proxy;3,6,4,1,[11],[11],[11],8
12;13;1;3;406.00;Firewall,Proxy,IDS;1,[11],[11],[11],8,2,5,6,3
12;82;7;5;595.00;IDS,Proxy,Firewall;7,4,1,[11],[11],[11],8,2,5
12;1;0;2;264.00;IDS,Proxy,Firewall;0,1,[11],[11],[11],8,2
12;72;6;7;314.00;IDS,Proxy,Firewall;6,3,[9],[9],[9],7
12;0;0;1;255.00;Proxy,IDS,Firewall;0,1,[11],[11],[11],1
12;74;6;9;278.00;IDS,Proxy,Firewall;6,3,[9],[9],[9]
12;48;4;5;429.00;IDS,Proxy,Firewall;4,1,[11],[11],[11],1,5
12;31;2;10;624.00;Firewall,IDS,Proxy;2,8,[11],[11],[11],8,2,5,6,3,10
12;23;2;1;263.00;IDS,Proxy,Firewall;2,8,[11],[11],[11],1
12;111;10;1;615.00;IDS,Proxy,Firewall;10,3,6,5,2,8,[11],[11],[11],1
12;79;7;2;394.00;Firewall,IDS,Proxy;7,[9],[9],[9],3,6,5,2
12;80;7;3;251.00;Proxy,Firewall,IDS;7,[9],[9],[9],3
12;110;10;0;616.00;Firewall,IDS,Proxy;10,3,6,5,2,8,[11],[11],[11],1,0
12;108;9;10;172.00;IDS,Firewall,Proxy;[9],[9],[9],10
12;62;5;8;228.00;Firewall,Proxy,IDS;5,2,8,[11],[11],[11],8
12;117;10;7;208.00;Firewall,Proxy,IDS;10,[9],[9],[9],7
12;85;7;9;122.00;IDS,Firewall,Proxy;7,[9],[9],[9]
12;50;4;7;677.00;IDS,Firewall,Proxy;4,1,[11],[11],[11],1,4,7
12;123;11;2;179.00;IDS,Firewall,Proxy;[11],[11],[11],8,2
12;24;2;3;734.00;IDS,Firewall,Proxy;2,8,[11],[11],1,4,7,[9],3
12;89;8;1;193.00;Proxy,IDS,Firewall;8,[11],[11],[11],1
12;81;7;4;677.00;IDS,Proxy,Firewall;7,4,1,[11],[11],[11],1,4
12;114;10;4;732.00;Firewall,Proxy,IDS;10,3,6,5,2,8,[11],[11],[11],1,4
12;121;11;0;171.00;Proxy,IDS,Firewall;[11],[11],[11],1,0
12;5;0;6;344.00;IDS,Proxy,Firewall;0,1,[11],[11],[11],8,2,5,6
12;7;0;8;194.00;Proxy,Firewall,IDS;0,1,[11],[11],[11],8
12;119;10;9;896.00;Firewall,IDS,Proxy;10,3,6,5,2,8,[11],[11],[11],8,2,5,6,3,9
12;55;5;0;290.00;IDS,Firewall,Proxy;5,2,8,[11],[11],[11],1,0
12;106;9;7;122.00;IDS,Firewall,Proxy;[9],[9],[9],7
12;92;8;4;310.00;Firewall,Proxy,IDS;8,[11],[11],[11],1,4
12;6;0;7;561.00;Proxy,Firewall,IDS;0,1,[11],[11],[11],1,4,7
12;116;10;6;704.00;Firewall,IDS,Proxy;10,3,6,5,2,8,[11],[11],[11],8,2,5,6
12;69;6;3;731.00;Firewall,Proxy,IDS;6,4,1,[11],[11],[11],1,4,6,3
12;102;9;3;215.00;IDS,Firewall,Proxy;[9],[9],[9],3
12;26;2;5;321.00;Proxy,Firewall,IDS;2,8,[11],[11],[11],1,5
12;57;5;2;321.00;Firewall,IDS,Proxy;5,1,[11],[11],[11],8,2
12;105;9;6;278.00;Proxy,IDS,Firewall;[9],[9],[9],3,6
12;27;2;6;470.00;Firewall,IDS,Proxy;2,8,[11],[11],[11],1,4,6
12;54;4;11;287.00;Proxy,IDS,Firewall;4,1,[11],[11],[11]
12;30;2;9;544.00;IDS,Proxy,Firewall;2,8,[11],[11],[11],8,2,5,6,3,9
12;61;5;7;618.00;Firewall,Proxy,IDS;5,1,[11],[11],[11],1,4,7
12;70;6;4;578.00;Firewall,Proxy,IDS;6,4,1,[11],[11],[11],1,4
12;58;5;3;783.00;IDS,Firewall,Proxy;5,1,[11],[11],1,4,7,[9],3
12;47;4;3;641.00;Firewall,Proxy,IDS;4,1,[11],[11],[11],1,4,6,3
12;29;2;8;202.00;Proxy,IDS,Firewall;2,8,[11],[11],[11],8
12;84;7;8;499.00;IDS,Firewall,Proxy;7,4,1,[11],[11],[11],8
12;95;8;7;499.00;IDS,Firewall,Proxy;8,[11],[11],[11],1,4,7
12;52;4;9;713.00;IDS,Firewall,Proxy;4,1,[11],[11],[11],1,4,7,9
12;73;6;8;400.00;Proxy,IDS,Firewall;6,4,1,[11],[11],[11],8
12;9;0;10;616.00;Proxy,Firewall,IDS;0,1,[11],[11],[11],8,2,5,6,3,10
12;49;4;6;460.00;Firewall,Proxy,IDS;4,1,[11],[11],[11],8,2,5,6
12;25;2;4;380.00;Firewall,IDS,Proxy;2,8,[11],[11],[11],1,4
12;65;5;11;228.00;Proxy,IDS,Firewall;5,1,[11],[11],[11]
12;107;9;8;535.00;Proxy,IDS,Firewall;9,7,4,1,[11],[11],[11],8
12;83;7;6;649.00;Firewall,Proxy,IDS;7,4,1,[11],[11],[11],8,2,5,6
12;94;8;6;400.00;Firewall,Proxy,IDS;8,[11],[11],[11],1,4,6
12;71;6;5;519.00;IDS,Firewall,Proxy;6,4,1,[11],[11],[11],1,5
12;128;11;7;476.00;Proxy,IDS,Firewall;[11],[11],[11],1,4,7
12;93;8;5;228.00;Firewall,Proxy,IDS;8,[11],[11],[11],8,2,5
12;63;5;9;570.00;IDS,Firewall,Proxy;5,2,8,[11],[11],[11],8,2,5,6,3,9
12;10;0;11;171.00;IDS,Firewall,Proxy;0,1,[11],[11],[11]
12;42;3;10;1003.00;IDS,Proxy,Firewall;3,6,4,1,[11],[11],[11],1,4,6,3,10
12;39;3;7;712.00;IDS,Firewall,Proxy;3,6,5,2,8,[11],[11],[11],1,4,7
