required;shortest;ratio
721.0;1.0;721.0
735.0;85.0;8.647058823529411
715.0;176.0;4.0625
742.0;118.0;6.288135593220339
744.0;59.0;12.610169491525424
741.0;113.0;6.557522123893805
740.0;307.0;2.41042345276873
741.0;108.0;6.861111111111111
721.0;305.0;2.363934426229508
731.0;385.0;1.8987012987012988
733.0;85.0;8.623529411764705
718.0;1.0;718.0
737.0;84.0;8.773809523809524
721.0;175.0;4.12
720.0;117.0;6.153846153846154
735.0;58.0;12.672413793103448
723.0;112.0;6.455357142857143
743.0;306.0;2.4281045751633985
720.0;107.0;6.728971962616822
741.0;304.0;2.4375
742.0;384.0;1.9322916666666667
730.0;84.0;8.69047619047619
738.0;85.0;8.68235294117647
716.0;84.0;8.523809523809524
723.0;143.0;5.055944055944056
720.0;170.0;4.235294117647059
740.0;26.0;28.46153846153846
731.0;80.0;9.1375
719.0;308.0;2.3344155844155843
726.0;116.0;6.258620689655173
733.0;272.0;2.6948529411764706
715.0;352.0;2.03125
736.0;93.0;7.913978494623656
732.0;176.0;4.159090909090909
744.0;175.0;4.251428571428572
716.0;143.0;5.006993006993007
725.0;153.0;4.738562091503268
733.0;117.0;6.264957264957265
735.0;63.0;11.666666666666666
726.0;165.0;4.4
728.0;213.0;3.4178403755868545
738.0;129.0;5.72093023255814
744.0;209.0;3.5598086124401913
736.0;236.0;3.1186440677966103
734.0;118.0;6.220338983050848
737.0;117.0;6.299145299145299
725.0;170.0;4.264705882352941
742.0;153.0;4.849673202614379
717.0;144.0;4.979166666666667
716.0;90.0;7.955555555555556
723.0;189.0;3.8253968253968256
729.0;224.0;3.2544642857142856
729.0;225.0;3.24
731.0;311.0;2.35048231511254
716.0;201.0;3.5621890547263684
716.0;59.0;12.135593220338983
715.0;58.0;12.327586206896552
719.0;26.0;27.653846153846153
720.0;117.0;6.153846153846154
725.0;144.0;5.034722222222222
738.0;54.0;13.666666666666666
735.0;282.0;2.606382978723404
719.0;96.0;7.489583333333333
727.0;246.0;2.9552845528455283
725.0;326.0;2.223926380368098
724.0;119.0;6.084033613445378
731.0;113.0;6.469026548672566
735.0;112.0;6.5625
727.0;80.0;9.0875
739.0;63.0;11.73015873015873
734.0;90.0;8.155555555555555
731.0;54.0;13.537037037037036
735.0;228.0;3.223684210526316
735.0;150.0;4.9
724.0;192.0;3.7708333333333335
715.0;272.0;2.6286764705882355
744.0;173.0;4.300578034682081
718.0;307.0;2.3387622149837135
724.0;306.0;2.366013071895425
718.0;308.0;2.331168831168831
739.0;165.0;4.4787878787878785
716.0;189.0;3.7883597883597884
721.0;282.0;2.5567375886524824
735.0;228.0;3.223684210526316
728.0;378.0;1.9259259259259258
740.0;36.0;20.555555555555557
740.0;122.0;6.065573770491803
742.0;390.0;1.9025641025641025
735.0;108.0;6.805555555555555
719.0;107.0;6.719626168224299
736.0;116.0;6.344827586206897
721.0;213.0;3.384976525821596
734.0;224.0;3.2767857142857144
726.0;96.0;7.5625
715.0;150.0;4.766666666666667
727.0;378.0;1.9232804232804233
723.0;342.0;2.1140350877192984
736.0;422.0;1.7440758293838863
718.0;23.0;31.217391304347824
736.0;305.0;2.413114754098361
729.0;304.0;2.398026315789474
742.0;272.0;2.7279411764705883
725.0;129.0;5.62015503875969
715.0;225.0;3.1777777777777776
743.0;246.0;3.0203252032520327
717.0;192.0;3.734375
726.0;36.0;20.166666666666668
723.0;342.0;2.1140350877192984
741.0;86.0;8.616279069767442
722.0;365.0;1.978082191780822
740.0;385.0;1.922077922077922
721.0;384.0;1.8776041666666667
734.0;352.0;2.085227272727273
744.0;209.0;3.5598086124401913
738.0;311.0;2.372990353697749
731.0;326.0;2.2423312883435584
733.0;272.0;2.6948529411764706
738.0;122.0;6.049180327868853
715.0;422.0;1.6943127962085307
734.0;86.0;8.534883720930232
731.0;445.0;1.6426966292134833
723.0;85.0;8.505882352941176
720.0;84.0;8.571428571428571
730.0;93.0;7.849462365591398
725.0;236.0;3.0720338983050848
732.0;201.0;3.6417910447761193
718.0;119.0;6.033613445378151
727.0;173.0;4.202312138728324
720.0;390.0;1.8461538461538463
719.0;23.0;31.26086956521739
726.0;365.0;1.989041095890411
720.0;445.0;1.6179775280898876
