UNFEASIBLE;MEAN_DELAY_INDEX;MEDIAN_DELAY_INDEX;TOTAL_DELAY;MAX_DELAY_INDEX;MEAN_HOPS_INDEX;MEDIAN_HOPS_INDEX;TOTAL_NUMBER_OF_HOPS;MAX_HOPS_INDEX;TOTAL_USED_CPU;TOTAL_USED_RAM;TOTAL_USED_HDD;MEAN_INVERSE_LOAD_INDEX;MEDIAN_INVERSE_LOAD_INDEX;NUMBER_OF_VNF_INSTANCES;TOTAL_ROOTED_VNF_LOADS;NUMBER_OF_DELAY_VIOLATIONS;NUMBER_OF_CPU_VIOLATIONS;NUMBER_OF_RAM_VIOLATIONS;NUMBER_OF_HDD_VIOLATIONS;NUMBER_OF_EXCESSIVE_VNFS;NUMBER_OF_CONGESTED_LINKS;TOTAL_OVERLOADED_VNF_CAPACITY;TOTAL_ROOTED_EXCESSIVE_VNF_CAPACITY;obj0;obj1;obj2;obj3;obj4;obj5
0.0;1.0;1.0;36250.0;1.0;1.0598484848484846;1.0;360.0;1.5;176.0;176000.0;31.0;2.0526384669551963;1.3368179721808178;31.0;724.7116511573174;0.0;0.0;0.0;0.0;0.0;0.0;0.0;0.0;36250.0;360.0;31.0;176.0;176000.0;31.0
0.0;1.021772345301757;1.0;36592.0;3.8739495798319328;1.071212121212121;1.0;363.0;3.0;168.0;168000.0;30.0;1.6005296290392894;1.0774056072976275;30.0;715.0151508880871;0.0;0.0;0.0;0.0;0.0;0.0;0.0;0.0;36592.0;363.0;30.0;168.0;168000.0;30.0
0.0;1.068342865459621;1.0;37364.0;5.571428571428571;1.1103535353535354;1.0;370.0;5.0;160.0;160000.0;29.0;1.4522930108227257;1.066704593941118;29.0;708.9005533532687;0.0;0.0;0.0;0.0;0.0;0.0;0.0;0.0;37364.0;370.0;29.0;160.0;160000.0;29.0
0.0;1.0755412660846861;1.0;37918.0;2.4;1.1727272727272726;1.0;383.0;3.0;144.0;144000.0;25.0;1.1197857412867211;1.01061652661206;25.0;661.1049995842924;0.0;0.0;0.0;0.0;0.0;0.0;0.0;0.0;37918.0;383.0;25.0;144.0;144000.0;25.0
0.0;1.0762679312916323;1.0;37916.0;2.4;1.174621212121212;1.0;384.0;3.0;144.0;144000.0;25.0;1.1383241143087472;1.0159573027010917;25.0;660.5320200418583;0.0;0.0;0.0;0.0;0.0;0.0;0.0;0.0;37916.0;384.0;25.0;144.0;144000.0;25.0
0.0;1.0839751873946104;1.0;37933.0;3.6;1.1804292929292928;1.0;382.0;5.0;144.0;144000.0;25.0;1.1261223879405364;1.0159573027010917;25.0;660.7927170628338;0.0;0.0;0.0;0.0;0.0;0.0;0.0;0.0;37933.0;382.0;25.0;144.0;144000.0;25.0
0.0;1.085518046448773;1.0;38146.0;2.4;1.170959595959596;1.0;380.0;3.0;144.0;144000.0;25.0;1.1220247773738266;1.0171594804349375;25.0;660.9745261013408;0.0;0.0;0.0;0.0;0.0;0.0;0.0;0.0;38146.0;380.0;25.0;144.0;144000.0;25.0
0.0;1.0866852752712874;1.0;38051.0;3.6;1.1785353535353535;1.0;381.0;5.0;144.0;144000.0;25.0;1.1117140778454024;1.0216035088675184;25.0;661.4306728506637;0.0;0.0;0.0;0.0;0.0;0.0;0.0;0.0;38051.0;381.0;25.0;144.0;144000.0;25.0
0.0;1.103647763143681;1.0;38293.0;2.45;1.177020202020202;1.0;379.0;3.0;144.0;144000.0;25.0;1.1114344594195125;1.0190482768459779;25.0;661.5490444488989;0.0;0.0;0.0;0.0;0.0;0.0;0.0;0.0;38293.0;379.0;25.0;144.0;144000.0;25.0
0.0;1.104591628021972;1.0;38331.0;2.45;1.1751262626262626;1.0;378.0;3.0;144.0;144000.0;25.0;1.1124673612152742;1.0190482768459779;25.0;661.4951939163253;0.0;0.0;0.0;0.0;0.0;0.0;0.0;0.0;38331.0;378.0;25.0;144.0;144000.0;25.0
0.0;1.120961038267739;1.0;38609.0;3.388571428571429;1.1416666666666664;1.0;373.0;3.0;148.0;148000.0;26.0;1.1649110830715483;1.0613658126995957;26.0;675.1126033032575;0.0;0.0;0.0;0.0;0.0;0.0;0.0;0.0;38609.0;373.0;26.0;148.0;148000.0;26.0
0.0;1.1214008701064473;1.0;38626.0;3.388571428571429;1.134469696969697;1.0;370.0;3.0;148.0;148000.0;26.0;1.1642490309917688;1.0554163969491432;26.0;675.1756587527806;0.0;0.0;0.0;0.0;0.0;0.0;0.0;0.0;38626.0;370.0;26.0;148.0;148000.0;26.0
0.0;1.1223447349847384;1.0;38664.0;3.388571428571429;1.1325757575757578;1.0;369.0;3.0;148.0;148000.0;26.0;1.1546918147049599;1.0637581155879567;26.0;675.6780480949733;0.0;0.0;0.0;0.0;0.0;0.0;0.0;0.0;38664.0;369.0;26.0;148.0;148000.0;26.0
0.0;1.1243946458581784;1.0;38687.0;3.388571428571429;1.128787878787879;1.0;368.0;3.0;148.0;148000.0;26.0;1.1546918147049599;1.0637581155879567;26.0;675.6780480949733;0.0;0.0;0.0;0.0;0.0;0.0;0.0;0.0;38687.0;368.0;26.0;148.0;148000.0;26.0
0.0;1.2546063731426353;1.0;38817.0;8.304347826086957;1.1220959595959596;1.0;361.0;3.0;148.0;148000.0;26.0;1.1695452322326458;1.0462731749508252;26.0;674.764914637345;0.0;0.0;0.0;0.0;0.0;0.0;0.0;0.0;38817.0;361.0;26.0;148.0;148000.0;26.0
0.0;1.2549943141116053;1.0;38814.0;8.304347826086957;1.1267676767676766;1.0;364.0;3.0;148.0;148000.0;26.0;1.1697168922468875;1.0459570274366152;26.0;674.7463039738152;0.0;0.0;0.0;0.0;0.0;0.0;0.0;0.0;38814.0;364.0;26.0;148.0;148000.0;26.0
0.0;1.3224654901016628;1.0;41639.0;6.809523809523809;1.4016414141414144;1.0;439.0;5.0;136.0;136000.0;24.0;1.0453173829740856;1.0098629952536442;24.0;650.8269723840999;0.0;0.0;0.0;0.0;0.0;0.0;0.0;0.0;41639.0;439.0;24.0;136.0;136000.0;24.0
