solutionNumber;vnfType[node][id];load;usedCapacity;remainingCapacity;fullCapacity;flowList
0;Proxy[11][0];0.70;626.70;273.30;900.00;130,128,29,98,129,88,76,124,32,51,122,123,126,65,90,18,7
0;Proxy[1][0];1.00;896.74;3.26;900.00;10,12,11,89
0;Proxy[1][1];0.83;742.76;157.24;900.00;77,111,1,0,2,23,56,4,54,121,100,16,125,21,92,6,5,33
0;Proxy[3][0];0.99;895.32;4.68;900.00;13,131,80,79,118,97,95,47
0;Proxy[3][1];0.65;583.96;316.04;900.00;69,113,83,96,24,101,115,109,31,34,104,43,99,40,38,35,107,9,72,36,19
0;Proxy[4][0];0.63;568.07;331.93;900.00;78,114,81,45,44,87,3,25,70,49,50,14,59,17
0;Proxy[5][0];1.00;899.31;0.69;900.00;110,46,67,30,22,15,112,68,66,20,127,55,26,71,91,62,48,27,57,37,58,63,61,94,28,73,93,60
0;Proxy[9][0];0.49;444.16;455.84;900.00;84,86,82,106,102,85,52,103,39,53,41,8,119,74,105
0;Proxy[10][0];0.31;276.49;623.51;900.00;117,120,116,42,108,75,64
0;IDS[11][0];0.99;595.83;4.17;600.00;130,128,29,98,129,88,76,124,32,51,122,123,126,65,90
0;IDS[11][1];0.05;30.87;569.13;600.00;18,7
0;IDS[1][0];0.99;596.70;3.30;600.00;10,11,89
0;IDS[1][1];0.99;593.98;6.02;600.00;12,77,111,1,125
0;IDS[1][2];0.75;448.83;151.17;600.00;0,2,23,56,4,54,121,100,16,21,92,6,5,33
0;IDS[3][0];1.00;597.57;2.43;600.00;13,131,80,97,19
0;IDS[3][1];1.00;599.87;0.13;600.00;79,118,95,47,69,113,83,96,24,101,115,72
0;IDS[3][2];0.47;281.84;318.16;600.00;109,31,34,104,43,99,40,38,35,107,9,36
0;IDS[4][0];0.95;568.07;31.93;600.00;78,114,81,45,44,87,3,25,70,49,50,14,59,17
0;IDS[5][0];1.00;598.70;1.30;600.00;110,46,67,30,22,15,112,68,66,20,127,62
0;IDS[5][1];0.50;300.62;299.39;600.00;55,26,71,91,48,27,57,37,58,63,61,94,28,73,93,60
0;IDS[9][0];0.74;444.16;155.84;600.00;84,86,82,106,102,85,52,103,39,53,41,8,119,74,105
0;IDS[10][0];0.46;276.49;323.51;600.00;117,120,116,42,108,75,64
0;Firewall[11][0];0.70;626.70;273.30;900.00;130,128,29,98,129,88,76,124,32,51,122,123,126,65,90,18,7
0;Firewall[1][0];1.00;896.74;3.26;900.00;10,12,11,89
0;Firewall[1][1];0.83;742.76;157.24;900.00;77,111,1,0,2,23,56,4,54,121,100,16,125,21,92,6,5,33
0;Firewall[3][0];0.99;895.32;4.68;900.00;13,131,80,79,118,97,95,47
0;Firewall[3][1];0.65;583.96;316.04;900.00;69,113,83,96,24,101,115,109,31,34,104,43,99,40,38,35,107,9,72,36,19
0;Firewall[4][0];0.63;568.07;331.93;900.00;78,114,81,45,44,87,3,25,70,49,50,14,59,17
0;Firewall[5][0];1.00;899.31;0.69;900.00;110,46,67,30,22,15,112,68,66,20,127,55,26,71,91,62,48,27,57,37,58,63,61,94,28,73,93,60
0;Firewall[9][0];0.49;444.16;455.84;900.00;84,86,82,106,102,85,52,103,39,53,41,8,119,74,105
0;Firewall[10][0];0.31;276.49;623.51;900.00;117,120,116,42,108,75,64
1;IDS[11][0];1.00;599.01;0.99;600.00;131,29,98,129,54,121,88,76,127,32,122,123,125,90
1;IDS[1][0];0.99;596.70;3.30;600.00;10,11,89
1;IDS[1][1];1.00;598.34;1.66;600.00;78,110,77,111,1,128,55
1;IDS[1][2];0.98;590.77;9.23;600.00;67,0,15,2,23,87,3,56,4,16,126,21,14,18,7,6,5,17,19
1;IDS[3][0];1.00;599.28;0.72;600.00;80,79,130,120,47,116,69,112,83,42
1;IDS[3][1];0.39;236.06;363.94;600.00;24,20,104,43,38,41,8,9,36,33,74,105
1;IDS[4][0];0.60;359.81;240.19;600.00;81,45,44,103,51,53,70,48,49,50,59,92
1;IDS[5][0];1.00;599.37;0.63;600.00;12,13,60
1;IDS[5][1];1.00;598.07;1.93;600.00;118,97,95,84,46,30,22,68,82,66,62
1;IDS[5][2];0.87;520.75;79.25;600.00;100,115,109,31,25,34,124,26,71,91,40,65,27,57,64,37,58,35,61,94,73,93
1;IDS[9][0];0.72;431.85;168.15;600.00;114,96,101,106,102,85,52,39,108,99,63,28,107,72
1;IDS[10][0];0.34;203.49;396.51;600.00;117,86,113,75,119
1;Proxy[11][0];0.67;599.01;300.99;900.00;131,29,98,129,54,121,88,76,127,32,122,123,125,90
1;Proxy[1][0];1.00;899.34;0.66;900.00;10,11,78,110,77,7
1;Proxy[1][1];0.96;864.22;35.78;900.00;111,1,128,67,0,15,2,23,87,3,56,4,16,89,55,21,14,18,6,5,17,19
1;Proxy[3][0];0.93;835.34;64.66;900.00;80,79,130,120,47,116,69,112,83,24,20,42,104,43,38,41,8,9,36,33,74,105
1;Proxy[4][0];0.42;382.07;517.93;900.00;81,45,44,103,51,53,70,126,48,49,50,59,92
1;Proxy[5][0];1.00;899.22;0.78;900.00;12,13,118,97,95,84,62
1;Proxy[5][1];0.91;818.97;81.03;900.00;46,30,22,68,82,66,100,115,109,31,25,34,124,26,71,91,40,65,27,57,64,37,58,35,61,94,73,93,60
1;Proxy[9][0];0.48;431.85;468.15;900.00;114,96,101,106,102,85,52,39,108,99,63,28,107,72
1;Proxy[10][0];0.23;203.49;696.51;900.00;117,86,113,75,119
1;Firewall[11][0];0.67;599.01;300.99;900.00;131,29,98,129,54,121,88,76,127,32,122,123,125,90
1;Firewall[1][0];1.00;899.34;0.66;900.00;10,11,78,110,77,7
1;Firewall[1][1];0.96;864.22;35.78;900.00;111,1,128,67,0,15,2,23,87,3,56,4,16,89,55,21,14,18,6,5,17,19
1;Firewall[3][0];0.93;835.34;64.66;900.00;80,79,130,120,47,116,69,112,83,24,20,42,104,43,38,41,8,9,36,33,74,105
1;Firewall[4][0];0.40;359.81;540.19;900.00;81,45,44,103,51,53,70,48,49,50,59,92
1;Firewall[5][0];1.00;899.22;0.78;900.00;12,13,118,97,95,84,62
1;Firewall[5][1];0.93;841.23;58.77;900.00;46,30,22,68,82,66,100,115,109,31,25,34,124,26,71,91,40,126,65,27,57,64,37,58,35,61,94,73,93,60
1;Firewall[9][0];0.48;431.85;468.15;900.00;114,96,101,106,102,85,52,39,108,99,63,28,107,72
1;Firewall[10][0];0.23;203.49;696.51;900.00;117,86,113,75,119
2;IDS[11][0];1.00;599.01;0.99;600.00;131,29,98,129,54,121,88,76,127,32,122,123,125,90
2;IDS[1][0];0.99;596.70;3.30;600.00;10,11,89
2;IDS[1][1];1.00;598.34;1.66;600.00;78,110,77,111,1,128,55
2;IDS[1][2];0.95;568.51;31.49;600.00;67,0,15,2,23,87,3,56,4,16,21,14,18,7,6,5,17,19
2;IDS[3][0];0.94;562.48;37.52;600.00;79,120,47,112,83,24,20,42,104,43,38,41,8,9,36,33,74,105
2;IDS[4][0];0.72;430.47;169.53;600.00;95,81,45,44,103,51,53,70,48,49,50,59,92
2;IDS[5][0];1.00;599.37;0.63;600.00;12,13,60
2;IDS[5][1];0.99;593.14;6.86;600.00;118,130,97,84,46,30,22,69,68,82
2;IDS[5][2];0.95;570.36;29.64;600.00;66,100,115,109,31,34,124,26,71,91,40,126,62,65,27,57,64,37,58,35,61,94,73,93
2;IDS[9][0];0.77;463.61;136.39;600.00;114,96,101,106,102,85,52,25,39,108,99,63,28,107,72
2;IDS[10][0];0.59;351.51;248.49;600.00;80,117,86,116,113,75,119
2;Proxy[11][0];0.67;599.01;300.99;900.00;131,29,98,129,54,121,88,76,127,32,122,123,125,90
2;Proxy[1][0];1.00;899.79;0.21;900.00;10,11,78,110,77,94
2;Proxy[1][1];0.98;878.84;21.16;900.00;111,1,128,67,0,15,2,23,87,3,56,4,16,89,55,21,14,18,7,6,5,17,19
2;Proxy[3][0];0.66;594.24;305.76;900.00;79,120,47,112,83,24,20,42,25,104,43,38,41,8,9,36,33,74,105
2;Proxy[4][0];0.48;430.47;469.53;900.00;95,81,45,44,103,51,53,70,48,49,50,59,92
2;Proxy[5][0];1.00;899.48;0.52;900.00;12,13,118,130,97,84,93
2;Proxy[5][1];0.94;848.32;51.68;900.00;46,30,22,69,68,82,66,100,115,109,31,34,124,26,71,91,40,126,62,65,27,57,64,37,58,35,61,73,60
2;Proxy[9][0];0.59;534.59;365.41;900.00;80,114,96,101,106,102,85,52,39,108,99,63,28,107,72
2;Proxy[10][0];0.28;248.77;651.23;900.00;117,86,116,113,75,119
2;Firewall[11][0];0.67;599.01;300.99;900.00;131,29,98,129,54,121,88,76,127,32,122,123,125,90
2;Firewall[1][0];1.00;899.79;0.21;900.00;10,11,78,110,77,94
2;Firewall[1][1];0.98;878.84;21.16;900.00;111,1,128,67,0,15,2,23,87,3,56,4,16,89,55,21,14,18,7,6,5,17,19
2;Firewall[3][0];0.66;594.24;305.76;900.00;79,120,47,112,83,24,20,42,25,104,43,38,41,8,9,36,33,74,105
2;Firewall[4][0];0.53;475.51;424.50;900.00;95,81,45,44,69,103,51,53,70,48,49,50,59,92
2;Firewall[5][0];1.00;899.48;0.52;900.00;12,13,118,130,97,84,93
2;Firewall[5][1];0.89;803.28;96.72;900.00;46,30,22,68,82,66,100,115,109,31,34,124,26,71,91,40,126,62,65,27,57,64,37,58,35,61,73,60
2;Firewall[9][0];0.64;579.87;320.13;900.00;80,114,116,96,101,106,102,85,52,39,108,99,63,28,107,72
2;Firewall[10][0];0.23;203.49;696.51;900.00;117,86,113,75,119
3;IDS[11][0];0.96;577.03;22.97;600.00;95,98,129,87,121,88,25,127,32,122,123,125,126,90,21,18,92,7,93
3;IDS[1][0];0.99;596.70;3.30;600.00;10,11,89
3;IDS[1][1];0.98;589.88;10.12;600.00;12,13
3;IDS[1][2];0.99;593.70;6.30;600.00;1,67,0,22,15,45,2,3,16,109,14,94,73,9,6,5
3;IDS[3][0];1.00;599.61;0.39;600.00;131,110,80,79,111,47,38
3;IDS[3][1];1.00;598.91;1.10;600.00;116,69,113,101,20,115,42,34,39,43,53,70,91,40,49,75,37,61,107,72,36,33,74,105
3;IDS[4][0];0.49;296.25;303.75;600.00;114,46,44,52,51,48,59,28,17
3;IDS[5][0];1.00;599.21;0.79;600.00;78,130,97,29,120,30,23,112,68,71
3;IDS[5][1];0.91;547.87;52.13;600.00;96,56,4,24,54,66,76,31,55,124,26,62,65,27,57,64,58,35,63,60
3;IDS[9][0];1.00;599.33;0.67;600.00;77,118,117,128,81,84,86,83,82
3;IDS[9][1];0.56;335.02;264.98;600.00;106,102,85,100,104,103,108,99,50,41,8,119,19
3;Proxy[11][0];0.97;876.87;23.13;900.00;12,131,98,129,87,121,88,25,127,32,122,123,126,90,94,92,93
3;Proxy[1][0];1.00;897.88;2.12;900.00;10,13,11,3
3;Proxy[1][1];0.99;895.32;4.68;900.00;1,128,95,0,22,15,45,2,23,44,66,16,89,55,51,125,48,21,14,18,8,28,7,9
3;Proxy[3][0];1.00;895.85;4.15;900.00;78,110,80,77,79,111,118,97,47,116,124
3;Proxy[3][1];0.72;644.74;255.26;900.00;69,112,113,24,101,100,115,109,42,43,53,70,91,40,38,49,75,64,58,63,61,107,36,74,105
3;Proxy[5][0];1.00;899.13;0.87;900.00;29,84,46,67,120,30,68,56,4,54,20,76,31,34,26,71,62,65,27,57,37,35,59,73,6,5,33,60,19
3;Proxy[9][0];0.92;823.72;76.28;900.00;130,117,114,81,86,83,82,96,106,102,85,52,104,103,39,108,99,50,41,119,72,17
3;Firewall[11][0];0.98;885.48;14.52;900.00;12,95,98,129,87,121,88,25,32,51,122,123,125,126,90,18,94,92,7,73,93
3;Firewall[1][0];1.00;897.88;2.12;900.00;10,13,11,3
3;Firewall[1][1];0.89;800.07;99.93;900.00;131,1,0,22,45,23,44,56,54,66,20,34,89,124,99,48,21,14,28
3;Firewall[3][0];1.00;897.28;2.72;900.00;78,110,80,79,111,118,130,84,30,47,116,105
3;Firewall[3][1];0.80;718.37;181.63;900.00;69,112,113,82,24,101,100,115,109,42,39,43,53,70,91,40,38,49,75,37,35,63,61,107,36,33,74
3;Firewall[5][0];0.99;893.94;6.06;900.00;97,29,46,67,120,15,2,68,4,16,76,31,127,55,26,71,62,65,27,57,64,58,59,9,6,5,60,19
3;Firewall[9][0];0.93;840.48;59.52;900.00;77,117,128,114,81,86,83,96,106,102,85,52,104,103,108,50,41,8,119,72,17
4;IDS[11][0];0.94;564.88;35.12;600.00;95,98,129,87,121,88,25,127,32,122,123,125,126,90,21,18,92,7
4;IDS[1][0];0.99;596.70;3.30;600.00;10,11,89
4;IDS[1][1];1.00;599.53;0.47;600.00;12,13,17
4;IDS[1][2];0.99;592.18;7.82;600.00;1,67,0,22,15,45,2,3,16,109,14,94,73,6,5,93
4;IDS[3][0];1.00;599.61;0.39;600.00;131,110,80,79,111,47,38
4;IDS[3][1];0.98;588.61;11.39;600.00;116,69,113,101,115,42,34,39,43,53,70,91,40,49,75,37,58,61,28,107,72,36,33,74
4;IDS[4][0];0.36;215.88;384.12;600.00;46,44,52,51,48,59,9
4;IDS[5][0];1.00;599.21;0.79;600.00;78,130,97,29,120,30,23,112,68,71
4;IDS[5][1];0.95;567.46;32.54;600.00;96,56,4,24,54,66,20,76,31,55,124,26,62,65,27,57,64,35,63,60
4;IDS[9][0];1.00;599.68;0.32;600.00;77,118,117,128,114,81,84,86,119
4;IDS[9][1];0.68;409.74;190.26;600.00;83,82,106,102,85,100,104,103,108,99,50,41,8,19,105
4;Proxy[11][0];0.98;880.97;19.03;900.00;12,131,98,129,87,121,88,25,127,32,122,123,126,90,18,94,92
4;Proxy[1][0];1.00;897.88;2.12;900.00;10,13,11,3
4;Proxy[1][1];0.98;885.86;14.14;900.00;1,128,95,0,22,15,45,2,23,44,66,16,89,55,51,125,48,21,14,8,7,9,93,17
4;Proxy[3][0];1.00;895.85;4.15;900.00;78,110,80,77,79,111,118,97,47,116,124
4;Proxy[3][1];0.65;582.17;317.83;900.00;69,112,113,24,101,115,42,43,53,70,91,40,38,49,75,64,58,63,61,28,107,36,74
4;Proxy[5][0];1.00;899.13;0.87;900.00;29,84,46,67,120,30,68,56,4,54,20,76,31,34,26,71,62,65,27,57,37,35,59,73,6,5,33,60,19
4;Proxy[9][0];0.99;891.65;8.35;900.00;130,117,114,81,86,83,82,96,106,102,85,100,109,52,104,103,39,108,99,50,41,119,72,105
4;Firewall[11][0];0.95;859.18;40.83;900.00;12,95,98,129,87,121,88,25,32,51,123,125,126,90,18,94,92,7,73,93
4;Firewall[1][0];1.00;897.88;2.12;900.00;10,13,11,3
4;Firewall[1][1];0.91;822.28;77.73;900.00;131,1,0,22,15,45,23,44,54,66,20,34,89,124,122,99,48,21,14
4;Firewall[3][0];1.00;899.78;0.22;900.00;78,110,80,79,111,118,130,97,84,30,115
4;Firewall[3][1];0.86;777.20;122.80;900.00;47,116,69,112,113,82,24,101,109,42,39,43,53,70,91,40,38,49,75,37,58,35,63,61,28,107,36,33,74
4;Firewall[5][0];0.89;803.91;96.09;900.00;29,46,67,120,2,68,56,4,16,76,31,127,55,26,71,62,65,27,57,64,59,9,6,5,17,60,19
4;Firewall[9][0];0.97;873.28;26.72;900.00;77,117,128,114,81,86,83,96,106,102,85,100,52,104,103,108,50,41,8,119,72,105
5;IDS[11][0];0.94;564.88;35.12;600.00;95,98,129,87,121,88,25,127,32,122,123,125,126,90,21,18,92,7
5;IDS[1][0];0.99;596.70;3.30;600.00;10,11,89
5;IDS[1][1];0.98;589.88;10.12;600.00;12,13
5;IDS[1][2];0.99;592.18;7.82;600.00;1,67,0,22,15,45,2,3,16,109,14,94,73,6,5,93
5;IDS[3][0];1.00;599.61;0.39;600.00;131,110,80,79,111,47,38
5;IDS[3][1];0.97;583.60;16.40;600.00;116,69,113,101,115,42,34,39,43,53,70,91,40,75,37,58,61,28,107,9,72,36,33,74
5;IDS[4][0];0.47;279.03;320.97;600.00;128,46,44,52,51,48,59
5;IDS[5][0];1.00;599.21;0.79;600.00;78,130,97,29,120,30,23,112,68,71
5;IDS[5][1];0.99;595.79;4.21;600.00;96,56,4,24,54,66,20,76,31,55,124,26,62,65,49,27,57,64,35,63,17,60
5;IDS[9][0];1.00;598.48;1.52;600.00;77,118,117,114,81,84,86,83,82,19
5;IDS[9][1];0.56;334.13;265.87;600.00;106,102,85,100,104,103,108,99,50,41,8,119,105
5;Proxy[11][0];0.98;880.97;19.03;900.00;12,131,98,129,87,121,88,25,127,32,122,123,126,90,18,94,92
5;Proxy[1][0];1.00;897.88;2.12;900.00;10,13,11,3
5;Proxy[1][1];0.98;885.86;14.14;900.00;1,128,95,0,22,15,45,2,23,44,66,16,89,55,51,125,48,21,14,8,7,9,93,17
5;Proxy[3][0];1.00;895.85;4.15;900.00;78,110,80,77,79,111,118,97,47,116,124
5;Proxy[3][1];0.65;582.17;317.83;900.00;69,112,113,24,101,115,42,43,53,70,91,40,38,49,75,64,58,63,61,28,107,36,74
5;Proxy[5][0];1.00;899.13;0.87;900.00;29,84,46,67,120,30,68,56,4,54,20,76,31,34,26,71,62,65,27,57,37,35,59,73,6,5,33,60,19
5;Proxy[9][0];0.99;891.65;8.35;900.00;130,117,114,81,86,83,82,96,106,102,85,100,109,52,104,103,39,108,99,50,41,119,72,105
5;Firewall[11][0];0.95;859.18;40.83;900.00;12,95,98,129,87,121,88,25,32,51,123,125,126,90,18,94,92,7,73,93
5;Firewall[1][0];1.00;897.88;2.12;900.00;10,13,11,3
5;Firewall[1][1];0.97;871.08;28.92;900.00;131,1,0,22,15,45,23,44,4,54,66,20,34,89,124,122,99,48,21,14,17
5;Firewall[3][0];1.00;899.46;0.54;900.00;78,110,80,79,111,118,130,97,30,47,113
5;Firewall[3][1];0.81;729.93;170.07;900.00;116,69,112,82,24,101,115,109,42,39,43,53,70,91,40,38,49,75,37,58,35,63,61,28,107,9,36,33,74
5;Firewall[5][0];0.89;802.68;97.32;900.00;29,84,46,67,120,2,68,56,16,76,31,127,55,26,71,62,65,27,57,64,59,6,5,60,19
5;Firewall[9][0];0.97;873.28;26.72;900.00;77,117,128,114,81,86,83,96,106,102,85,100,52,104,103,108,50,41,8,119,72,105
6;IDS[11][0];0.93;555.44;44.56;600.00;95,98,129,121,88,25,127,32,51,43,122,123,125,65,90,18,92,7
6;IDS[1][0];0.99;596.70;3.30;600.00;10,11,89
6;IDS[1][1];0.98;589.88;10.12;600.00;12,13
6;IDS[1][2];0.99;594.73;5.27;600.00;1,67,0,22,15,45,2,3,16,109,21,14,73,6,5,93
6;IDS[3][0];1.00;597.57;2.43;600.00;131,110,80,77,111,47,9
6;IDS[3][1];0.96;576.36;23.64;600.00;116,69,113,83,101,115,42,34,39,53,70,91,40,38,49,75,37,58,72,36,33,74
6;IDS[4][0];0.48;286.84;313.16;600.00;130,44,87,52,48,50,59,8,28
6;IDS[5][0];0.99;594.13;5.87;600.00;78,97,29,46,120,30,23,112,68,96
6;IDS[5][1];1.00;597.16;2.84;600.00;56,4,24,54,66,20,76,31,55,124,26,71,126,62,27,57,64,35,63,61,94,17,60
6;IDS[9][0];1.00;599.44;0.56;600.00;79,118,117,128,114,81,84,86,41
6;IDS[9][1];0.58;345.26;254.74;600.00;82,106,102,85,100,104,103,108,99,107,119,19,105
6;Proxy[11][0];0.99;892.15;7.85;900.00;12,131,98,129,87,121,88,25,127,32,51,122,123,126,90,94,92
6;Proxy[1][0];1.00;897.88;2.12;900.00;10,13,11,3
6;Proxy[1][1];0.98;878.65;21.35;900.00;1,128,95,0,22,15,45,2,23,44,66,16,89,55,48,21,14,18,8,7,73,9,5,93,33
6;Proxy[3][0];1.00;899.33;0.67;900.00;78,110,77,79,111,118,97,84,120,47,116,38
6;Proxy[3][1];0.73;659.60;240.40;900.00;69,112,113,83,82,101,102,100,115,42,124,43,53,70,91,40,49,75,64,58,36,17,74
6;Proxy[5][0];0.98;878.54;21.46;900.00;29,46,67,30,68,96,56,4,24,54,20,76,31,34,26,71,125,62,65,27,57,37,35,59,61,28,6,60,19
6;Proxy[9][0];0.92;827.36;72.64;900.00;80,130,117,114,81,86,106,85,109,52,104,103,39,108,99,50,41,63,107,119,72,105
6;Firewall[11][0];0.96;863.47;36.53;900.00;12,95,98,129,87,121,88,25,32,51,123,125,126,65,90,18,94,92,73,93
6;Firewall[1][0];1.00;897.88;2.12;900.00;10,13,11,3
6;Firewall[1][1];0.99;894.83;5.17;900.00;131,1,0,22,15,45,23,44,4,54,66,20,34,89,124,122,99,48,21,14,7,5,19
6;Firewall[3][0];1.00;897.79;2.21;900.00;78,110,80,111,118,130,97,84,120,47,116,39
6;Firewall[3][1];0.70;633.52;266.48;900.00;69,113,83,82,101,115,109,42,52,53,70,91,40,38,49,75,37,58,35,63,107,9,36,33,17
6;Firewall[5][0];0.98;883.65;16.35;900.00;29,46,67,30,2,112,68,96,56,24,16,76,31,127,55,26,43,71,62,27,57,64,59,61,28,6,60
6;Firewall[9][0];0.96;862.36;37.64;900.00;77,79,117,128,114,81,86,106,102,85,100,104,103,108,50,41,8,119,72,74,105
7;IDS[11][0];0.99;592.14;7.86;600.00;95,98,129,87,121,88,25,127,32,43,122,123,125,126,90,21,18,92,7
7;IDS[1][0];0.99;596.70;3.30;600.00;10,11,89
7;IDS[1][1];0.98;589.88;10.12;600.00;12,13
7;IDS[1][2];0.99;592.18;7.82;600.00;1,67,0,22,15,45,2,3,16,109,14,94,73,6,5,93
7;IDS[3][0];1.00;599.61;0.39;600.00;131,110,80,79,111,47,38
7;IDS[3][1];0.93;556.34;43.66;600.00;116,69,113,101,115,42,34,39,53,70,91,40,75,37,58,61,28,107,9,72,36,33,74
7;IDS[4][0];0.60;358.82;241.18;600.00;130,128,46,44,52,51,48,59
7;IDS[5][0];1.00;599.88;0.12;600.00;78,97,29,120,30,23,112,68,96,56,71
7;IDS[5][1];0.86;515.33;84.67;600.00;4,24,54,66,20,76,31,55,124,26,62,65,49,27,57,64,35,63,17,60
7;IDS[9][0];1.00;598.48;1.52;600.00;77,118,117,114,81,84,86,83,82,19
7;IDS[9][1];0.56;334.13;265.87;600.00;106,102,85,100,104,103,108,99,50,41,8,119,105
7;Proxy[11][0];0.98;880.97;19.03;900.00;12,131,98,129,87,121,88,25,127,32,122,123,126,90,18,94,92
7;Proxy[1][0];1.00;897.88;2.12;900.00;10,13,11,3
7;Proxy[1][1];0.99;892.46;7.54;900.00;1,128,95,0,22,15,45,2,23,44,66,16,89,55,51,125,48,21,14,8,7,9,93,17,19
7;Proxy[3][0];1.00;899.75;0.25;900.00;78,110,80,77,79,111,118,97,84,47,64
7;Proxy[3][1];0.71;641.05;258.96;900.00;116,69,112,113,96,101,115,42,124,43,53,70,91,40,38,49,75,58,63,61,28,107,36,74
7;Proxy[5][0];0.97;870.21;29.79;900.00;29,46,67,120,30,68,56,4,24,54,20,76,31,34,26,71,62,65,27,57,37,35,59,73,6,5,33,60
7;Proxy[9][0];0.95;851.19;48.81;900.00;130,117,114,81,86,83,82,106,102,85,100,109,52,104,103,39,108,99,50,41,119,72,105
7;Firewall[11][0];0.98;878.10;21.90;900.00;12,95,98,129,87,121,88,25,32,51,123,125,126,65,90,18,94,92,7,73,93
7;Firewall[1][0];1.00;897.88;2.12;900.00;10,13,11,3
7;Firewall[1][1];0.98;877.68;22.32;900.00;131,1,0,22,15,45,23,44,4,54,66,20,34,89,124,122,99,48,21,14,17,19
7;Firewall[3][0];1.00;899.48;0.52;900.00;78,110,80,79,111,118,130,97,84,47,115
7;Firewall[3][1];0.75;671.22;228.78;900.00;116,69,112,113,82,101,109,42,39,53,70,91,40,38,49,75,37,58,35,63,61,28,107,9,36,33,74
7;Firewall[5][0];0.93;835.87;64.13;900.00;29,46,67,120,30,2,68,56,24,16,76,31,127,55,26,43,71,62,27,57,64,59,6,5,60
7;Firewall[9][0];0.97;873.28;26.72;900.00;77,117,128,114,81,86,83,96,106,102,85,100,52,104,103,108,50,41,8,119,72,105
8;IDS[11][0];0.90;542.26;57.74;600.00;95,98,129,121,88,89,127,32,51,122,123,125,62,65,21,18,7,17
8;IDS[1][0];0.99;593.20;6.80;600.00;10,11,43
8;IDS[1][1];0.98;589.88;10.12;600.00;12,13
8;IDS[1][2];1.00;598.20;1.80;600.00;130,1,67,0,22,45,2,3,54,16,99,14,73
8;IDS[3][0];1.00;599.96;0.04;600.00;131,110,80,77,111,47,8
8;IDS[3][1];0.92;551.65;48.35;600.00;116,69,113,115,42,31,52,34,104,39,53,91,40,38,49,75,37,9,72,36,74
8;IDS[4][0];0.62;372.08;227.93;600.00;114,120,44,87,109,70,48,50,59,28,92,6
8;IDS[5][0];1.00;598.97;1.03;600.00;78,97,29,46,30,15,23,112,68,56,33
8;IDS[5][1];0.98;585.18;14.82;600.00;4,24,101,66,20,76,25,55,124,26,71,126,90,27,57,64,58,35,63,61,94,5,93,60
8;IDS[9][0];0.99;596.34;3.66;600.00;79,118,117,128,81,84,86,83,82
8;IDS[9][1];0.51;305.79;294.21;600.00;96,106,102,85,100,103,108,41,107,119,19,105
8;Proxy[11][0];0.95;854.48;45.52;900.00;12,131,98,129,121,89,127,32,51,122,123,125,126,94,92,7,93,17
8;Proxy[1][0];1.00;898.95;1.05;900.00;10,13,11,87
8;Proxy[1][1];0.90;810.82;89.18;900.00;128,95,0,22,45,23,44,3,68,4,54,66,16,88,25,55,48,14,18,9,33
8;Proxy[3][0];1.00;899.84;0.16;900.00;78,110,77,79,111,118,130,97,114,84,70
8;Proxy[3][1];0.85;766.11;133.89;900.00;47,116,69,112,113,24,102,115,42,31,34,124,39,43,53,91,40,38,49,75,64,37,58,8,72,36,74,19
8;Proxy[5][0];0.98;883.18;16.82;900.00;1,29,46,67,30,15,2,56,101,20,100,76,26,71,62,65,90,27,57,21,35,59,61,28,73,6,5,60
8;Proxy[9][0];0.91;820.13;79.87;900.00;80,117,81,120,86,83,82,96,106,85,109,52,104,103,108,99,50,41,63,107,119,105
8;Firewall[11][0];0.96;863.06;36.94;900.00;12,95,98,129,87,88,89,127,32,51,122,123,125,126,65,18,94,92,7,93
8;Firewall[1][0];1.00;897.88;2.12;900.00;10,13,11,3
8;Firewall[1][1];0.98;886.29;13.71;900.00;131,111,0,22,45,23,44,56,4,54,121,66,20,124,43,99,48,21,14,73,6,17,19
8;Firewall[3][0];1.00;895.57;4.43;900.00;78,110,80,77,118,130,97,114,84,30,47
8;Firewall[3][1];0.76;681.81;218.19;900.00;116,69,112,113,82,24,100,42,52,34,39,53,70,91,40,38,49,75,37,58,35,63,9,36,33
8;Firewall[5][0];0.99;892.17;7.83;900.00;1,29,46,67,15,2,68,101,16,115,76,31,25,104,55,26,71,62,90,27,57,64,59,61,28,5,60
8;Firewall[9][0];0.91;816.72;83.28;900.00;79,117,128,81,120,86,83,96,106,102,85,109,103,108,50,41,8,107,119,72,74,105
9;IDS[11][0];0.90;542.26;57.74;600.00;95,98,129,121,88,89,127,32,51,122,123,125,62,65,21,18,7,17
9;IDS[1][0];0.99;593.20;6.80;600.00;10,11,43
9;IDS[1][1];0.98;589.88;10.12;600.00;12,13
9;IDS[1][2];1.00;598.20;1.80;600.00;130,1,67,0,22,45,2,3,54,16,99,14,73
9;IDS[3][0];1.00;597.57;2.43;600.00;131,110,80,77,111,47,9
9;IDS[3][1];0.94;563.13;36.87;600.00;116,69,113,115,42,31,52,34,104,39,53,70,91,40,38,49,75,37,72,36,74
9;IDS[4][0];0.60;362.98;237.02;600.00;114,120,44,87,109,48,50,59,8,28,92,6
9;IDS[5][0];1.00;598.97;1.03;600.00;78,97,29,46,30,15,23,112,68,56,33
9;IDS[5][1];0.98;585.18;14.82;600.00;4,24,101,66,20,76,25,55,124,26,71,126,90,27,57,64,58,35,63,61,94,5,93,60
9;IDS[9][0];0.99;596.34;3.66;600.00;79,118,117,128,81,84,86,83,82
9;IDS[9][1];0.51;305.79;294.21;600.00;96,106,102,85,100,103,108,41,107,119,19,105
9;Proxy[11][0];0.95;854.48;45.52;900.00;12,131,98,129,121,89,127,32,51,122,123,125,126,94,92,7,93,17
9;Proxy[1][0];1.00;898.95;1.05;900.00;10,13,11,87
9;Proxy[1][1];0.92;826.87;73.13;900.00;128,95,0,22,45,23,44,3,68,4,54,66,16,88,25,55,48,14,18,8,9,33
9;Proxy[3][0];1.00;899.84;0.16;900.00;78,110,77,79,111,118,130,97,114,84,70
9;Proxy[3][1];0.83;750.06;149.94;900.00;47,116,69,112,113,24,102,115,42,31,34,124,39,43,53,91,40,38,49,75,64,37,58,72,36,74,19
9;Proxy[5][0];0.98;883.18;16.82;900.00;1,29,46,67,30,15,2,56,101,20,100,76,26,71,62,65,90,27,57,21,35,59,61,28,73,6,5,60
9;Proxy[9][0];0.91;820.13;79.87;900.00;80,117,81,120,86,83,82,96,106,85,109,52,104,103,108,99,50,41,63,107,119,105
9;Firewall[11][0];0.96;863.06;36.94;900.00;12,95,98,129,87,88,89,127,32,51,122,123,125,126,65,18,94,92,7,93
9;Firewall[1][0];1.00;897.88;2.12;900.00;10,13,11,3
9;Firewall[1][1];0.98;886.29;13.71;900.00;131,111,0,22,45,23,44,56,4,54,121,66,20,124,43,99,48,21,14,73,6,17,19
9;Firewall[3][0];1.00;895.57;4.43;900.00;78,110,80,77,118,130,97,114,84,30,47
9;Firewall[3][1];0.76;681.81;218.19;900.00;116,69,112,113,82,24,100,42,52,34,39,53,70,91,40,38,49,75,37,58,35,63,9,36,33
9;Firewall[5][0];0.99;892.17;7.83;900.00;1,29,46,67,15,2,68,101,16,115,76,31,25,104,55,26,71,62,90,27,57,64,59,61,28,5,60
9;Firewall[9][0];0.91;816.72;83.28;900.00;79,117,128,81,120,86,83,96,106,102,85,109,103,108,50,41,8,107,119,72,74,105
10;IDS[11][0];0.90;540.82;59.18;600.00;128,29,98,120,129,109,88,89,122,123,90,21,18,92,7
10;IDS[1][0];0.99;593.76;6.24;600.00;10,11,32
10;IDS[1][1];1.00;597.92;2.08;600.00;12,78,1,67,23
10;IDS[1][2];0.76;457.14;142.86;600.00;0,22,15,3,54,121,76,43,99,125,65,14,5,33,17
10;IDS[3][0];0.96;575.98;24.02;600.00;13,47,69,112,42,34,40,64,37,63
10;IDS[4][0];0.81;487.68;112.32;600.00;84,46,45,44,83,52,124,51,70,48,49,50,61,8,6,72
10;IDS[5][0];1.00;597.99;2.01;600.00;110,79,130,95,30,2,68,96,56,38
10;IDS[5][1];0.98;586.64;13.36;600.00;4,24,101,66,16,31,25,127,55,26,71,91,126,62,27,57,58,35,59,94,73,93,60,74
10;IDS[9][0];1.00;598.16;1.84;600.00;80,77,117,114,81,86,87,82,106,36
10;IDS[9][1];0.54;324.75;275.25;600.00;102,85,100,104,103,39,53,108,41,28,107,9,19,105
10;IDS[10][0];0.95;572.68;27.32;600.00;131,111,118,97,116,113,20,115,75,119
10;Proxy[11][0];0.98;878.29;21.71;900.00;12,128,29,98,120,129,121,88,76,89,127,122,123,90,21,92
10;Proxy[1][0];0.91;817.36;82.64;900.00;11,110,67,0,22,15,23,3,16,55,32,51,99,14,18,7,6,33,17
10;Proxy[4][0];0.89;799.55;100.45;900.00;78,84,46,30,47,45,44,83,54,25,124,103,43,70,125,48,49,50,61,8,9,72
10;Proxy[5][0];1.00;898.41;1.59;900.00;10,131,79,111,130,1,34
10;Proxy[5][1];0.88;791.83;108.17;900.00;2,69,68,96,56,4,24,101,66,20,26,71,91,40,126,62,65,38,27,57,37,58,35,59,94,28,73,5,93,60,74,19
10;Proxy[9][0];0.99;894.33;5.67;900.00;80,77,95,81,86,112,87,82,106,102,85,100,109,42,52,104,39,41,63,107,36,105
10;Proxy[10][0];0.95;853.74;46.26;900.00;13,118,117,97,114,116,113,115,31,53,108,75,64,119
10;Firewall[11][0];0.81;733.10;166.90;900.00;12,128,29,98,129,88,89,122,123,90,21,92,7
10;Firewall[1][0];0.88;795.01;104.99;900.00;11,67,0,23,3,56,4,54,121,20,34,124,32,51,99,125,65,14,18,19
10;Firewall[3][0];0.47;420.81;479.19;900.00;131,2,82,115,109,104,40,75,64,37,35,105
10;Firewall[4][0];0.94;847.96;52.04;900.00;78,79,81,84,46,47,45,44,83,52,103,43,53,70,48,49,50,8,9,6,72,17
10;Firewall[5][0];1.00;898.79;1.21;900.00;10,110,111,130,1,95,120,38
10;Firewall[5][1];0.92;830.80;69.20;900.00;22,15,69,87,68,96,24,66,16,76,31,25,127,55,26,71,91,126,62,27,57,58,59,61,94,73,5,93,33,60
10;Firewall[9][0];0.76;684.72;215.28;900.00;80,77,30,86,112,101,106,102,85,100,42,39,41,63,28,107,36,74
10;Firewall[10][0];0.80;722.31;177.69;900.00;13,118,117,97,114,116,113,108,119
11;IDS[11][0];0.90;540.82;59.18;600.00;128,29,98,120,129,109,88,89,122,123,90,21,18,92,7
11;IDS[1][0];0.99;593.76;6.24;600.00;10,11,32
11;IDS[1][1];1.00;599.35;0.65;600.00;12,78,110,1
11;IDS[1][2];0.97;580.09;19.91;600.00;67,0,22,15,23,3,54,121,76,43,99,125,65,14,8,5,33,17
11;IDS[3][0];0.96;575.98;24.02;600.00;13,47,69,112,42,34,40,64,37,63
11;IDS[4][0];0.80;480.76;119.25;600.00;84,46,45,44,83,52,124,51,70,48,49,50,61,6,72,74
11;IDS[5][0];1.00;599.83;0.17;600.00;79,130,95,30,2,68,96,56,4,24,101,93
11;IDS[5][1];0.80;481.01;118.99;600.00;66,16,31,25,127,55,26,71,91,126,62,38,27,57,58,35,59,94,73,9,60
11;IDS[9][0];1.00;598.16;1.84;600.00;80,77,117,114,81,86,87,82,106,36
11;IDS[9][1];0.52;311.08;288.92;600.00;102,85,100,104,103,39,53,108,41,28,107,19,105
11;IDS[10][0];0.95;572.68;27.32;600.00;131,111,118,97,116,113,20,115,75,119
11;Proxy[11][0];0.87;786.90;113.11;900.00;12,128,29,98,129,121,76,89,127,122,123,90,21,92
11;Proxy[1][0];0.96;868.43;31.57;900.00;11,110,67,0,22,15,23,3,16,88,55,32,51,99,14,18,8,7,6,33,17
11;Proxy[4][0];0.87;778.96;121.04;900.00;78,84,46,30,47,45,44,83,54,25,124,103,43,70,125,48,49,50,61,72,74
11;Proxy[5][0];1.00;898.41;1.59;900.00;10,131,79,111,130,1,34
11;Proxy[5][1];0.95;852.74;47.26;900.00;120,2,69,68,96,56,4,24,101,66,20,26,71,91,40,126,62,65,38,27,57,37,58,35,59,94,28,73,9,5,93,60,19
11;Proxy[9][0];0.99;894.33;5.67;900.00;80,77,95,81,86,112,87,82,106,102,85,100,109,42,52,104,39,41,63,107,36,105
11;Proxy[10][0];0.95;853.74;46.26;900.00;13,118,117,97,114,116,113,115,31,53,108,75,64,119
11;Firewall[11][0];0.81;733.10;166.90;900.00;12,128,29,98,129,88,89,122,123,90,21,92,7
11;Firewall[1][0];0.84;755.86;144.14;900.00;11,67,0,23,3,56,54,121,20,34,124,32,51,99,125,65,14,18,19
11;Firewall[3][0];0.91;822.22;77.78;900.00;13,131,110,120,2,82,115,104,40,75,64,35,105
11;Firewall[4][0];0.92;827.37;72.63;900.00;78,79,81,84,46,47,45,44,83,52,103,43,53,70,48,49,50,6,72,17,74
11;Firewall[5][0];1.00;899.32;0.68;900.00;10,111,130,1,95,22,15,69,76
11;Firewall[5][1];0.84;752.44;147.56;900.00;87,68,96,4,24,66,16,31,25,127,55,26,71,91,126,62,38,27,57,37,58,59,61,8,94,73,9,5,93,33,60
11;Firewall[9][0];0.79;710.72;189.28;900.00;80,77,30,86,112,101,106,102,85,100,109,42,39,41,63,28,107,36
11;Firewall[10][0];0.48;432.47;467.53;900.00;118,117,97,114,116,113,108,119
12;IDS[11][0];0.90;540.82;59.18;600.00;128,29,98,120,129,109,88,89,122,123,90,21,18,92,7
12;IDS[1][0];0.99;593.76;6.24;600.00;10,11,32
12;IDS[1][1];1.00;599.35;0.65;600.00;12,78,110,1
12;IDS[1][2];0.94;564.04;35.96;600.00;67,0,22,15,23,3,54,121,76,43,99,125,65,14,5,33,17
12;IDS[3][0];0.96;575.98;24.02;600.00;13,47,69,112,42,34,40,64,37,63
12;IDS[4][0];0.83;496.81;103.20;600.00;84,46,45,44,83,52,124,51,70,48,49,50,61,8,6,72,74
12;IDS[5][0];1.00;599.83;0.17;600.00;79,130,95,30,2,68,96,56,4,24,101,93
12;IDS[5][1];0.80;481.01;118.99;600.00;66,16,31,25,127,55,26,71,91,126,62,38,27,57,58,35,59,94,73,9,60
12;IDS[9][0];1.00;598.16;1.84;600.00;80,77,117,114,81,86,87,82,106,36
12;IDS[9][1];0.52;311.08;288.92;600.00;102,85,100,104,103,39,53,108,41,28,107,19,105
12;IDS[10][0];0.95;572.68;27.32;600.00;131,111,118,97,116,113,20,115,75,119
12;Proxy[11][0];0.87;786.90;113.11;900.00;12,128,29,98,129,121,76,89,127,122,123,90,21,92
12;Proxy[1][0];0.95;852.38;47.62;900.00;11,110,67,0,22,15,23,3,16,88,55,32,51,99,14,18,7,6,33,17
12;Proxy[4][0];0.88;795.01;104.99;900.00;78,84,46,30,47,45,44,83,54,25,124,103,43,70,125,48,49,50,61,8,72,74
12;Proxy[5][0];1.00;898.41;1.59;900.00;10,131,79,111,130,1,34
12;Proxy[5][1];0.95;852.74;47.26;900.00;120,2,69,68,96,56,4,24,101,66,20,26,71,91,40,126,62,65,38,27,57,37,58,35,59,94,28,73,9,5,93,60,19
12;Proxy[9][0];0.99;894.33;5.67;900.00;80,77,95,81,86,112,87,82,106,102,85,100,109,42,52,104,39,41,63,107,36,105
12;Proxy[10][0];0.95;853.74;46.26;900.00;13,118,117,97,114,116,113,115,31,53,108,75,64,119
12;Firewall[11][0];0.81;733.10;166.90;900.00;12,128,29,98,129,88,89,122,123,90,21,92,7
12;Firewall[1][0];0.84;755.86;144.14;900.00;11,67,0,23,3,56,54,121,20,34,124,32,51,99,125,65,14,18,19
12;Firewall[3][0];0.59;532.38;367.62;900.00;131,110,120,2,82,115,104,40,75,64,35,105
12;Firewall[4][0];0.94;843.42;56.58;900.00;78,79,81,84,46,47,45,44,83,52,103,43,53,70,48,49,50,8,6,72,17,74
12;Firewall[5][0];1.00;899.32;0.68;900.00;10,111,130,1,95,22,15,69,76
12;Firewall[5][1];0.82;736.39;163.61;900.00;87,68,96,4,24,66,16,31,25,127,55,26,71,91,126,62,38,27,57,37,58,59,61,94,73,9,5,93,33,60
12;Firewall[9][0];0.79;710.72;189.28;900.00;80,77,30,86,112,101,106,102,85,100,109,42,39,41,63,28,107,36
12;Firewall[10][0];0.80;722.31;177.69;900.00;13,118,117,97,114,116,113,108,119
13;IDS[11][0];0.90;540.82;59.18;600.00;128,29,98,120,129,109,88,89,122,123,90,21,18,92,7
13;IDS[1][0];0.99;593.76;6.24;600.00;10,11,32
13;IDS[1][1];1.00;599.35;0.65;600.00;12,78,110,1
13;IDS[1][2];0.94;564.04;35.96;600.00;67,0,22,15,23,3,54,121,76,43,99,125,65,14,5,33,17
13;IDS[3][0];0.96;575.98;24.02;600.00;13,47,69,112,42,34,40,64,37,63
13;IDS[4][0];0.83;496.81;103.20;600.00;84,46,45,44,83,52,124,51,70,48,49,50,61,8,6,72,74
13;IDS[5][0];1.00;599.83;0.17;600.00;79,130,95,30,2,68,96,56,4,24,101,93
13;IDS[5][1];0.80;481.01;118.99;600.00;66,16,31,25,127,55,26,71,91,126,62,38,27,57,58,35,59,94,73,9,60
13;IDS[9][0];1.00;598.16;1.84;600.00;80,77,117,114,81,86,87,82,106,36
13;IDS[9][1];0.52;311.08;288.92;600.00;102,85,100,104,103,39,53,108,41,28,107,19,105
13;IDS[10][0];0.95;572.68;27.32;600.00;131,111,118,97,116,113,20,115,75,119
13;Proxy[11][0];0.87;786.90;113.11;900.00;12,128,29,98,129,121,76,89,127,122,123,90,21,92
13;Proxy[1][0];0.95;852.38;47.62;900.00;11,110,67,0,22,15,23,3,16,88,55,32,51,99,14,18,7,6,33,17
13;Proxy[4][0];0.88;795.01;104.99;900.00;78,84,46,30,47,45,44,83,54,25,124,103,43,70,125,48,49,50,61,8,72,74
13;Proxy[5][0];1.00;898.41;1.59;900.00;10,131,79,111,130,1,34
13;Proxy[5][1];0.95;852.74;47.26;900.00;120,2,69,68,96,56,4,24,101,66,20,26,71,91,40,126,62,65,38,27,57,37,58,35,59,94,28,73,9,5,93,60,19
13;Proxy[9][0];0.99;894.33;5.67;900.00;80,77,95,81,86,112,87,82,106,102,85,100,109,42,52,104,39,41,63,107,36,105
13;Proxy[10][0];0.95;853.74;46.26;900.00;13,118,117,97,114,116,113,115,31,53,108,75,64,119
13;Firewall[11][0];0.81;733.10;166.90;900.00;12,128,29,98,129,88,89,122,123,90,21,92,7
13;Firewall[1][0];0.84;755.86;144.14;900.00;11,67,0,23,3,56,54,121,20,34,124,32,51,99,125,65,14,18,19
13;Firewall[3][0];0.59;532.38;367.62;900.00;131,110,120,2,82,115,104,40,75,64,35,105
13;Firewall[4][0];0.94;843.42;56.58;900.00;78,79,81,84,46,47,45,44,83,52,103,43,53,70,48,49,50,8,6,72,17,74
13;Firewall[5][0];1.00;899.32;0.68;900.00;10,111,130,1,95,22,15,69,76
13;Firewall[5][1];0.82;736.39;163.61;900.00;87,68,96,4,24,66,16,31,25,127,55,26,71,91,126,62,38,27,57,37,58,59,61,94,73,9,5,93,33,60
13;Firewall[9][0];0.79;710.72;189.28;900.00;80,77,30,86,112,101,106,102,85,100,109,42,39,41,63,28,107,36
13;Firewall[10][0];0.80;722.31;177.69;900.00;13,118,117,97,114,116,113,108,119
14;IDS[11][0];0.75;448.44;151.56;600.00;130,95,98,129,96,109,43,122,123,65,18
14;IDS[1][0];0.99;596.70;3.30;600.00;10,11,89
14;IDS[1][1];0.99;594.47;5.53;600.00;12,128,29,67,0,56
14;IDS[1][2];0.92;549.57;50.43;600.00;22,15,2,54,121,16,88,76,55,32,125,90,57,21,8,7,73,6,33,17
14;IDS[3][0];0.96;573.46;26.54;600.00;131,110,80,47,83,42,34,40,38,41,9
14;IDS[4][0];1.00;598.49;1.51;600.00;78,77,114,81,46,45,44,69,87,19
14;IDS[4][1];0.76;458.75;141.25;600.00;3,82,52,25,124,103,51,53,70,48,49,50,14,59,61,28,92,107,72,36
14;IDS[5][0];1.00;600.00;0.00;600.00;13,1,120,30,23,112,26
14;IDS[5][1];0.82;489.88;110.12;600.00;68,4,24,66,100,31,127,71,91,126,62,27,37,58,35,63,94,5,93,60
14;IDS[9][0];0.96;574.91;25.10;600.00;79,117,84,86,101,106,102,85,104,39,108,99,119,74,105
14;IDS[10][0];0.75;448.83;151.17;600.00;111,118,97,116,113,20,115,75,64
14;Proxy[1][0];0.99;890.78;9.22;900.00;12,13,11,131
14;Proxy[1][1];1.00;899.78;0.22;900.00;110,77,130,128,29,98,0,22,15,45,129,2,23,3,7
14;Proxy[1][2];0.91;816.19;83.81;900.00;82,96,56,121,66,100,16,88,76,89,127,55,32,51,43,122,123,40,125,126,65,90,57,21,18,8,28,73,9,6,33,17
14;Proxy[4][0];0.95;852.40;47.60;900.00;78,95,81,46,47,44,69,87,54,25,34,124,103,70,48,49,50,14,63,59,61,92,72,36,19
14;Proxy[5][0];0.99;888.26;11.74;900.00;10,1,67,68,4,24,26,71,91,62,38,27,37,58,35,94,5,93,60
14;Proxy[9][0];0.88;789.59;110.41;900.00;80,79,114,84,30,83,101,106,102,85,109,52,104,39,99,41,107,119,74,105
14;Proxy[10][0];0.89;796.50;103.50;900.00;111,118,117,97,120,86,116,112,113,20,115,42,31,53,108,75,64
14;Firewall[11][0];0.42;381.18;518.82;900.00;130,95,98,54,124,51,43,65,18,73
14;Firewall[1][0];0.99;894.33;5.67;900.00;12,13,11,128,0
14;Firewall[1][1];0.98;883.30;16.70;900.00;29,22,129,23,44,82,56,121,66,100,16,88,89,55,122,123,40,125,126,48,21,14,8,28,92,107,7,9,6,17,19
14;Firewall[4][0];0.96;867.24;32.76;900.00;78,77,81,46,47,45,69,87,3,109,52,25,34,103,53,99,70,49,50,72,36
14;Firewall[5][0];1.00;899.05;0.95;900.00;10,131,1,67,15,2,112,68,96,94
14;Firewall[5][1];0.62;562.39;337.61;900.00;4,24,20,76,31,127,26,32,71,91,62,38,90,27,57,37,58,35,63,59,61,5,93,33,60
14;Firewall[9][0];0.71;638.47;261.53;900.00;80,79,84,30,83,101,106,102,85,104,39,108,41,119,74,105
14;Firewall[10][0];0.90;807.54;92.46;900.00;110,111,118,117,97,114,120,86,116,113,115,42,75,64
15;IDS[11][0];0.91;545.86;54.14;600.00;130,29,98,129,109,88,124,32,43,122,123,65,90,21,18,7
15;IDS[1][0];1.00;597.70;2.30;600.00;10,11,25
15;IDS[1][1];1.00;597.99;2.01;600.00;12,1,128,95,0,57
15;IDS[1][2];0.89;533.66;66.34;600.00;22,15,2,96,56,54,121,16,76,89,125,126,8,73,6,5,33,17
15;IDS[3][0];0.74;443.05;156.95;600.00;131,80,69,83,42,34,40,38,41
15;IDS[4][0];1.00;599.24;0.76;600.00;78,77,114,81,46,47,45,44,3
15;IDS[4][1];0.66;397.97;202.03;600.00;87,82,52,103,51,53,70,48,49,50,14,59,61,28,92,107,72,36
15;IDS[5][0];1.00;599.67;0.33;600.00;13,110,97,67,30,27
15;IDS[5][1];0.90;539.42;60.58;600.00;23,68,4,24,66,31,127,55,26,71,91,62,64,37,58,35,63,94,9,93,60
15;IDS[9][0];0.99;592.53;7.47;600.00;79,117,84,86,101,106,102,85,100,104,39,99,119,74,19,105
15;IDS[10][0];0.81;486.41;113.59;600.00;111,118,120,116,112,113,20,115,108,75
15;Proxy[1][0];0.99;890.78;9.22;900.00;12,13,11,131
15;Proxy[1][1];1.00;899.78;0.22;900.00;110,77,130,128,29,98,0,22,15,45,129,2,23,3,7
15;Proxy[1][2];0.94;843.72;56.28;900.00;82,96,56,54,121,66,100,16,88,76,89,127,55,32,43,122,123,40,125,126,65,90,57,21,61,18,8,28,73,9,6,33,17
15;Proxy[4][0];0.97;870.37;29.63;900.00;78,95,114,81,46,47,44,69,87,25,34,124,103,51,70,48,49,50,14,59,92,72,36
15;Proxy[5][0];0.99;888.26;11.74;900.00;10,1,67,68,4,24,26,71,91,62,38,27,37,58,35,94,5,93,60
15;Proxy[9][0];0.95;855.19;44.81;900.00;80,79,117,84,30,83,101,106,102,85,109,31,52,104,39,99,41,63,107,119,74,19,105
15;Proxy[10][0];0.76;685.40;214.60;900.00;111,118,97,120,86,116,112,113,20,115,42,53,108,75,64
15;Firewall[11][0];0.43;385.30;514.70;900.00;130,29,98,54,88,43,65,21,18,7,73
15;Firewall[1][0];0.99;894.33;5.67;900.00;12,13,11,128,0
15;Firewall[1][1];0.96;860.46;39.54;900.00;95,22,129,23,44,82,96,56,121,66,16,25,89,55,124,122,123,40,125,126,14,8,28,92,107,9,6,17
15;Firewall[4][0];0.97;869.51;30.49;900.00;78,77,81,46,47,45,69,87,3,109,52,34,103,51,53,99,70,49,50,72,36,19
15;Firewall[5][0];1.00;898.28;1.72;900.00;10,131,110,111,1,67,4
15;Firewall[5][1];0.78;701.52;198.48;900.00;15,2,68,24,20,76,31,127,26,32,71,91,62,48,38,90,27,57,64,37,58,35,59,61,94,5,93,33,60
15;Firewall[9][0];0.83;744.55;155.45;900.00;80,79,117,84,30,83,101,106,102,85,100,104,39,41,63,119,74,105
15;Firewall[10][0];0.64;579.56;320.44;900.00;118,97,114,120,86,116,112,113,115,42,108,75
16;IDS[11][0];0.99;594.14;5.86;600.00;95,98,15,129,44,3,121,88,89,32,43,122,123,65,21,7,73
16;IDS[1][0];0.99;591.69;8.31;600.00;10,11,53
16;IDS[1][1];1.00;599.53;0.47;600.00;12,13,17
16;IDS[1][2];0.98;590.97;9.03;600.00;67,0,30,45,2,23,68,96,56,54,16,125,59,94,5,93
16;IDS[3][0];1.00;599.17;0.83;600.00;131,110,80,77,111,116,40
16;IDS[3][1];0.96;574.06;25.94;600.00;128,113,83,101,115,42,52,34,39,70,91,38,75,50,64,37,63,8,92,72,36
16;IDS[5][0];1.00;598.69;1.32;600.00;78,130,1,97,29,46,22,4,24
16;IDS[5][1];1.00;598.48;1.52;600.00;66,20,76,31,25,127,55,124,26,51,71,126,62,48,49,90,27,57,58,35,14,61,18,33,60,74
16;IDS[9][0];0.99;596.31;3.69;600.00;79,118,117,114,81,84,120,47,104
16;IDS[9][1];0.98;590.47;9.53;600.00;86,69,112,87,82,106,102,85,100,109,103,108,99,41,28,107,119,9,6,19,105
16;Proxy[11][0];0.99;886.98;13.02;900.00;12,131,98,15,45,129,3,121,88,89,32,122,126,94,93
16;Proxy[1][0];1.00;897.63;2.38;900.00;10,13,11,68
16;Proxy[1][1];0.83;748.70;151.30;900.00;0,22,2,23,44,96,56,4,54,20,16,55,51,53,123,125,49,21,14,18,7,9,6,5,33
16;Proxy[3][0];1.00;898.65;1.35;900.00;78,110,77,79,130,128,97,95,84,116,113,100
16;Proxy[3][1];0.81;724.67;175.33;900.00;87,83,82,24,102,115,42,31,52,34,124,43,70,91,40,48,38,75,50,64,37,58,35,59,8,92,72,36,19
16;Proxy[5][0];0.99;891.26;8.74;900.00;111,118,1,29,46,67,30,101,66,76,25,127,26,71,62,65,90,27,57,61,28,73,17,60,74
16;Proxy[9][0];0.98;885.62;14.38;900.00;80,117,114,81,120,47,86,69,112,106,85,109,104,103,39,108,99,41,63,107,119,105
16;Firewall[11][0];0.97;876.48;23.52;900.00;12,1,95,98,15,129,3,54,88,32,51,126,65,94,7,73,93
16;Firewall[1][0];1.00;895.80;4.20;900.00;10,13,11,56
16;Firewall[1][1];0.80;718.45;181.55;900.00;131,0,45,2,23,44,4,121,20,89,124,122,53,123,62,49,21,14,92
16;Firewall[3][0];1.00;899.90;0.10;900.00;78,110,80,77,130,128,97,114,84,116,113,34
16;Firewall[3][1];0.85;767.02;132.98;900.00;87,83,82,96,24,101,100,115,52,104,39,43,70,91,40,48,38,75,50,64,37,58,35,63,8,107,119,6,36,33,74,19
16;Firewall[5][0];0.98;878.76;21.24;900.00;111,29,46,67,22,69,68,66,16,76,31,25,127,55,26,71,125,90,27,57,59,61,18,9,5,17,60
16;Firewall[9][0];1.00;897.09;2.91;900.00;79,118,117,81,120,30,47,86,112,106,102,85,109,42,103,108,99,41,28,72,105
