solutionNumber;linkNode1;linkNode2;usedBandwidth;remainingBandwidth;flowList
0;1;11;795.80;9204.20;128,7,10,18,51,21,54,87,88,89,121,122,92,125
0;8;11;929.26;9070.74;32,65,129,98,130,131,7,43,76,109,18,51,88,120,89,90,90,123,92,124,29,29,126,127
0;3;6;2258.80;7741.20;2,130,131,8,9,13,19,20,24,28,30,31,33,34,35,36,37,38,40,43,47,58,61,63,64,69,72,74,75,79,82,83,84,91,95,96,97,99,100,101,104,105,107,109,110,111,112,115,116,118,120,124
0;1;5;1505.27;8494.73;1,33,2,34,66,67,99,4,100,5,8,9,12,13,110,15,111,16,19,20,22,23,55,56
0;9;10;262.51;9737.49;114,53,117,86,119,108
0;3;10;867.23;9132.77;64,97,131,9,42,75,110,111,112,113,115,20,116,118,120,31
0;4;7;594.83;9405.17;128,17,81,50,114,52,53,6,87,103,77,78
0;5;6;2461.46;7538.54;2,130,131,5,8,9,13,16,19,20,24,25,27,28,30,31,33,34,35,37,40,43,46,48,58,59,60,61,63,64,66,67,68,71,73,76,79,82,84,91,94,95,96,97,99,100,101,104,107,109,110,111,112,115,118,120,124,127
0;0;1;1381.72;8618.28;0,1,33,2,66,3,99,4,5,6,7,8,9,10,11,44,77,110,22,55,88,121
0;2;8;1052.62;8947.38;65,130,131,73,76,84,90,91,29,93,94,95,32,96,97,40,43,107,109,118,120,123,124,62,126,127
0;1;4;612.83;9387.17;128,3,6,44,45,77,14,78,17,51,54,87,92,125
0;4;6;236.52;9763.48;48,49,36,70,25,59,46,47
0;2;5;1931.49;8068.51;1,65,130,131,68,73,12,76,79,84,22,23,24,25,26,27,91,28,93,30,94,31,95,96,97,35,101,40,43,107,109,46,112,118,120,57,124,62,126,127
0;3;9;948.22;9051.78;130,8,72,74,79,80,82,19,83,84,28,30,95,96,99,100,101,102,39,104,41,105,107,109,61,63
0;7;9;843.24;9156.76;39,103,72,106,79,80,82,114,83,52,84,53,85,117,86,28,61,95
1;1;11;818.06;9181.94;128,7,10,18,51,21,54,87,88,89,121,122,92,125,126
1;8;11;907.00;9093.00;32,65,129,98,130,131,7,43,76,109,18,51,88,120,89,90,90,123,92,124,29,29,127
1;3;6;2258.80;7741.20;2,130,131,8,9,13,19,20,24,28,30,31,33,34,35,36,37,38,40,43,47,58,61,63,64,69,72,74,75,79,82,83,84,91,95,96,97,99,100,101,104,105,107,109,110,111,112,115,116,118,120,124
1;1;5;1549.80;8450.20;1,2,66,67,4,5,8,9,12,13,15,16,19,20,22,23,33,34,99,100,110,111,55,56,126,126
1;9;10;262.51;9737.49;114,53,117,86,119,108
1;3;10;867.23;9132.77;64,97,131,9,42,75,110,111,112,113,115,20,116,118,120,31
1;4;7;594.83;9405.17;128,17,81,50,114,52,53,6,87,103,77,78
1;5;6;2483.72;7516.28;2,130,131,5,8,9,13,16,19,20,24,25,27,28,30,31,33,34,35,37,40,43,46,48,58,59,60,61,63,64,66,67,68,71,73,76,79,82,84,91,94,95,96,97,99,100,101,104,107,109,110,111,112,115,118,120,124,126,127
1;0;1;1381.72;8618.28;0,1,33,2,66,3,99,4,5,6,7,8,9,10,11,44,77,110,22,55,88,121
1;2;8;1030.36;8969.64;65,130,131,73,76,84,90,91,29,93,94,95,32,96,97,40,43,107,109,118,120,123,124,62,127
1;1;4;635.10;9364.90;128,3,6,44,45,77,14,78,17,51,54,87,92,125,126
1;4;6;258.78;9741.22;48,49,36,70,25,59,46,126,47
1;2;5;1909.23;8090.77;1,65,130,131,68,73,12,76,79,84,22,23,24,25,26,27,91,28,93,30,94,31,95,96,97,35,101,40,43,107,109,46,112,118,120,57,124,62,127
1;3;9;948.22;9051.78;130,8,72,74,79,80,82,19,83,84,28,30,95,96,99,100,101,102,39,104,41,105,107,109,61,63
1;7;9;843.24;9156.76;39,103,72,106,79,80,82,114,83,52,84,53,85,117,86,28,61,95
2;1;11;881.54;9118.46;128,7,10,18,51,21,54,87,88,89,121,122,92,125,94,95
2;8;11;1015.00;8985.00;32,65,129,98,130,131,7,43,76,109,18,51,88,120,89,90,90,123,92,124,29,29,126,94,127,95
2;3;6;2251.66;7748.34;2,130,131,8,9,13,19,20,24,25,25,28,30,31,33,34,35,36,37,38,40,43,47,58,61,63,64,69,72,74,75,79,82,83,84,91,96,97,99,100,101,104,105,107,109,110,111,112,115,116,118,120,124
2;1;5;1520.35;8479.65;1,2,66,67,4,5,8,9,12,13,15,16,19,20,22,23,94,33,34,99,100,110,111,55,56
2;9;10;455.81;9544.19;80,114,116,116,53,117,86,119,108
2;3;10;969.97;9030.03;64,97,131,9,42,75,110,111,112,80,113,115,20,116,118,120,31
2;4;7;665.48;9334.52;128,6,103,77,78,17,81,50,114,52,53,87,95
2;5;6;2480.88;7519.12;2,130,131,5,8,9,13,16,19,20,24,25,27,28,30,31,33,34,35,37,40,43,46,48,58,59,60,61,63,64,66,67,68,69,69,71,73,76,79,82,84,91,94,96,97,99,100,101,104,107,109,110,111,112,115,118,120,124,127
2;0;1;1381.72;8618.28;0,1,33,2,66,3,99,4,5,6,7,8,9,10,11,44,77,110,22,55,88,121
2;2;8;966.89;9033.11;65,130,131,73,76,84,90,91,29,93,32,96,97,40,43,107,109,118,120,123,124,62,126,127
2;1;4;683.49;9316.51;128,3,6,44,45,77,14,78,17,51,54,87,92,125,95
2;4;6;326.59;9673.41;48,49,36,69,69,70,25,59,46,47
2;2;5;1845.76;8154.24;1,65,130,131,68,73,12,76,79,84,22,23,24,25,26,27,91,28,93,30,31,96,97,35,101,40,43,107,109,46,112,118,120,57,124,62,126,127
2;3;9;838.34;9161.66;130,8,72,74,79,82,19,83,84,25,25,28,30,96,99,100,101,102,39,104,41,105,107,109,61,63
2;7;9;772.58;9227.42;39,103,72,106,79,80,82,114,83,52,84,53,85,117,86,28,61
3;1;11;1564.70;8435.30;128,130,131,7,73,10,76,12,18,21,87,88,89,25,92,94,95,109,51,54,121,122,124,125,127
3;8;11;917.91;9082.09;32,129,65,98,7,73,43,12,18,51,120,88,89,25,90,90,123,92,93,93,126,94,95
3;3;6;2573.78;7426.22;128,2,130,131,8,9,13,19,20,24,30,31,33,34,35,36,37,38,40,43,47,49,49,53,58,61,63,64,69,70,70,72,74,75,77,78,79,82,83,84,91,96,97,99,100,101,104,105,107,109,110,111,112,115,116,118,120,124
3;1;5;2045.10;7954.90;128,1,66,2,130,131,67,4,5,6,6,8,73,9,9,9,76,13,77,78,15,16,19,20,22,23,28,94,33,34,99,100,109,46,110,111,48,54,55,56,124,127
3;9;10;322.07;9677.93;114,108,117,86,118,119
3;3;10;807.67;9192.33;64,97,131,9,42,75,110,111,112,113,115,116,20,53,120,31
3;4;7;367.49;9632.51;81,17,50,114,52,6,87,103,28,95
3;5;6;2589.74;7410.26;128,2,130,131,5,8,9,13,16,19,20,24,27,30,31,33,34,35,37,40,43,54,58,59,60,61,63,64,66,67,68,71,73,76,77,78,79,82,84,91,94,96,97,99,100,101,104,107,109,110,111,112,115,118,120,124,127
3;0;1;1381.72;8618.28;0,33,1,66,2,99,3,4,5,6,7,8,9,10,11,44,77,110,22,55,88,121
3;2;8;947.31;9052.69;96,32,65,97,40,107,43,12,84,118,120,25,90,91,123,29,93,126,62
3;1;4;484.56;9515.44;3,6,44,45,14,46,48,17,51,87,25,92,28,125,95
3;4;6;188.95;9811.05;49,36,53,54,70,59,47
3;2;5;1292.66;8707.34;65,1,68,79,84,22,23,24,26,91,27,28,29,29,93,30,31,96,97,35,101,40,107,43,46,112,118,120,57,126,62
3;3;9;1235.12;8764.88;128,130,72,8,74,77,78,79,80,82,83,19,84,30,96,99,100,101,102,39,104,41,105,107,109,118,61,63
3;7;9;1209.35;8790.65;128,39,103,72,106,77,78,79,80,81,81,17,17,82,50,50,114,83,52,84,117,85,86,61
4;1;11;1576.85;8423.15;128,130,131,7,73,10,76,12,18,21,87,88,89,25,92,93,94,95,109,51,54,121,122,124,125,127
4;8;11;905.76;9094.24;32,129,65,98,7,73,43,12,18,51,120,88,89,25,90,90,123,92,93,126,94,95
4;3;6;2598.45;7401.55;128,2,130,131,8,9,13,17,19,20,24,28,30,31,33,34,35,36,37,38,40,43,47,49,49,53,58,61,63,64,69,70,70,72,74,75,77,78,79,82,83,84,91,96,97,99,100,101,104,105,107,109,110,111,112,115,116,118,120,124
4;1;5;2038.23;7961.77;128,1,66,2,130,131,67,4,5,6,6,8,73,9,9,76,13,77,78,15,16,17,19,20,22,23,93,94,33,34,99,100,109,46,110,111,48,54,55,56,124,127
4;9;10;322.07;9677.93;114,108,117,86,118,119
4;3;10;807.67;9192.33;64,97,131,9,42,75,110,111,112,113,115,20,116,53,120,31
4;4;7;342.83;9657.17;81,114,50,52,6,87,103,95
4;5;6;2600.73;7399.27;128,2,130,131,5,8,13,16,17,19,20,24,27,28,30,31,33,34,35,37,40,43,54,58,59,60,61,63,64,66,67,68,71,73,76,77,78,79,82,84,91,94,96,97,99,100,101,104,107,109,110,111,112,115,118,120,124,127
4;0;1;1381.72;8618.28;0,1,33,66,2,99,3,4,5,6,7,8,9,10,11,44,77,110,22,55,88,121
4;2;8;935.16;9064.84;96,32,65,97,40,107,43,12,84,118,120,25,90,91,123,29,126,62
4;1;4;473.56;9526.44;3,6,9,44,45,14,46,48,51,87,25,92,125,95
4;4;6;202.62;9797.38;49,36,53,54,70,9,59,47
4;2;5;1280.50;8719.50;1,65,68,79,84,22,23,24,26,91,27,28,29,29,30,31,96,97,35,101,40,107,43,46,112,118,120,57,126,62
4;3;9;1259.78;8740.22;128,130,72,8,74,77,78,79,80,17,82,83,19,84,28,30,96,99,100,101,102,39,104,105,41,107,109,118,61,63
4;7;9;1214.70;8785.30;128,39,103,72,106,77,78,79,80,81,81,17,114,82,50,50,83,52,84,117,85,86,28,61
5;1;11;1576.85;8423.15;128,130,131,7,73,10,76,12,18,21,87,88,89,25,92,93,94,95,109,51,54,121,122,124,125,127
5;8;11;905.76;9094.24;32,129,65,98,7,73,43,12,18,51,88,120,89,25,90,90,123,92,93,126,94,95
5;3;6;2511.98;7488.02;2,130,131,8,9,13,19,20,24,28,30,31,33,34,35,36,37,38,40,43,47,49,49,53,58,61,63,64,69,70,70,72,74,75,77,78,79,82,83,84,91,96,97,99,100,101,104,105,107,109,110,111,112,115,116,118,120,124
5;1;5;1957.41;8042.59;1,66,2,130,131,67,4,5,6,6,8,9,73,76,13,77,78,15,16,17,17,19,20,22,23,93,94,33,34,99,100,109,46,110,111,48,54,55,56,124,127
5;9;10;322.07;9677.93;114,108,117,118,86,119
5;3;10;807.67;9192.33;64,97,131,9,42,75,110,111,112,113,115,20,116,53,120,31
5;4;7;429.30;9570.70;128,17,81,114,50,52,6,87,103,95
5;5;6;2565.29;7434.71;2,130,131,5,8,9,13,16,19,20,24,27,28,30,31,33,34,35,37,40,43,49,49,54,58,59,60,61,63,64,66,67,68,71,73,76,77,78,79,82,84,91,94,96,97,99,100,101,104,107,109,110,111,112,115,118,120,124,127
5;0;1;1381.72;8618.28;0,1,33,66,2,99,3,4,5,6,7,8,9,10,11,44,77,110,22,55,88,121
5;2;8;935.16;9064.84;96,32,65,97,40,107,43,12,84,118,120,25,90,91,123,29,126,62
5;1;4;546.36;9453.64;128,3,6,44,45,14,46,48,17,51,87,25,92,125,95
5;4;6;188.95;9811.05;49,36,53,54,70,59,47
5;2;5;1280.50;8719.50;1,65,68,79,84,22,23,24,26,91,27,28,29,29,30,31,96,97,35,101,40,107,43,46,112,118,120,57,126,62
5;3;9;1173.32;8826.68;130,72,8,74,77,78,79,80,82,83,19,84,28,30,96,99,100,101,102,39,104,105,41,107,109,118,61,63
5;7;9;1281.86;8718.14;128,128,39,103,72,106,77,78,79,80,81,81,114,50,50,82,83,52,84,85,117,86,28,61
6;1;11;1623.04;8376.96;128,65,130,131,7,73,10,76,12,18,21,87,88,89,25,92,93,94,95,43,109,51,54,121,122,124,125,127
6;8;11;859.58;9140.43;32,129,98,7,73,12,18,51,88,120,89,25,90,90,123,92,93,94,126,95
6;3;6;2522.85;7477.15;2,130,131,9,13,17,19,20,24,30,31,33,34,35,36,37,38,40,43,47,49,49,52,53,58,61,63,64,69,70,70,72,74,75,77,78,79,82,83,84,91,96,97,99,100,101,104,105,107,109,110,111,112,115,116,118,120,124
6;1;5;1944.93;8055.07;65,1,66,2,131,67,4,5,6,6,9,73,76,77,13,78,15,16,17,19,20,22,23,93,94,33,34,99,100,43,109,46,110,111,48,54,55,56,124,125,125,127
6;9;10;322.07;9677.93;114,108,117,86,118,119
6;3;10;807.67;9192.33;64,97,131,9,42,75,110,111,112,113,115,20,116,53,120,31
6;4;7;418.43;9581.57;128,81,114,50,6,103,87,8,28,95
6;5;6;2441.74;7558.26;2,131,5,9,13,16,17,19,20,24,27,28,30,31,33,34,35,37,40,43,54,58,59,60,61,63,64,66,67,68,71,73,76,77,78,79,82,84,91,94,96,97,99,100,101,104,107,109,110,111,112,115,118,120,124,127
6;0;1;1381.72;8618.28;0,33,1,66,2,99,3,4,5,6,7,8,9,10,11,44,77,110,22,55,88,121
6;2;8;888.98;9111.02;32,96,97,40,107,12,84,118,120,25,90,91,123,29,62,126
6;1;4;632.55;9367.45;128,130,3,6,8,44,45,46,14,48,51,87,25,92,125,95
6;4;6;316.03;9683.97;49,130,36,52,53,70,54,59,28,47
6;2;5;1234.32;8765.68;1,68,79,84,22,23,24,26,27,91,28,29,29,30,31,96,97,35,101,40,107,46,112,118,120,57,62,126
6;3;9;1184.18;8815.82;130,72,74,77,78,79,80,17,82,19,83,84,30,96,99,100,101,102,39,104,105,41,107,109,52,118,61,63
6;7;9;1260.29;8739.71;128,128,103,39,8,72,106,77,78,79,80,17,81,81,114,50,50,82,83,84,85,117,86,61
7;1;11;1604.11;8395.89;128,130,131,7,73,10,76,12,18,21,87,88,89,25,92,93,94,95,43,109,51,54,121,122,124,125,127
7;8;11;878.50;9121.50;32,129,65,98,7,73,12,18,51,88,120,89,25,90,90,123,92,93,126,94,95
7;3;6;2511.98;7488.02;2,130,131,8,9,13,19,20,24,28,30,31,33,34,35,36,37,38,40,43,47,49,49,53,58,61,63,64,69,70,70,72,74,75,77,78,79,82,83,84,91,96,97,99,100,101,104,105,107,109,110,111,112,115,116,118,120,124
7;1;5;1904.87;8095.13;1,66,2,131,67,4,5,6,6,8,9,73,76,13,77,78,15,16,17,17,19,20,22,23,93,94,33,34,99,100,43,109,110,46,111,48,54,55,56,124,127
7;9;10;322.07;9677.93;114,108,117,118,86,119
7;3;10;807.67;9192.33;64,97,131,9,42,75,110,111,112,113,115,20,116,53,120,31
7;4;7;429.30;9570.70;128,17,81,114,50,52,6,103,87,95
7;5;6;2485.49;7514.51;2,131,5,8,9,13,16,19,20,24,27,28,30,31,33,34,35,37,40,43,49,49,54,58,59,60,61,63,64,66,67,68,71,73,76,77,78,79,82,84,91,94,96,97,99,100,101,104,107,109,110,111,112,115,118,120,124,127
7;0;1;1381.72;8618.28;0,1,33,66,2,99,3,4,5,6,7,8,9,10,11,44,77,110,22,55,88,121
7;2;8;907.90;9092.10;96,32,97,65,40,107,12,84,118,120,25,90,91,123,29,126,62
7;1;4;626.16;9373.84;128,130,3,6,44,45,14,46,48,17,51,87,25,92,125,95
7;4;6;268.75;9731.25;49,130,36,53,54,70,59,47
7;2;5;1253.24;8746.76;1,65,68,79,84,22,23,24,26,91,27,28,29,29,30,31,96,97,35,101,40,107,46,112,118,120,57,126,62
7;3;9;1173.32;8826.68;130,72,8,74,77,78,79,80,82,19,83,84,28,30,96,99,100,101,102,39,104,105,41,107,109,118,61,63
7;7;9;1281.86;8718.14;128,128,103,39,72,106,77,78,79,80,81,81,114,50,50,82,83,84,52,85,117,86,28,61
8;1;11;1657.39;8342.61;128,65,130,131,7,73,10,76,12,17,17,18,21,87,88,89,92,93,94,95,43,109,51,54,120,121,122,124,125,62
8;8;11;786.41;9213.59;32,129,98,7,73,12,18,51,88,89,123,92,93,126,62,94,127,95
8;3;6;2507.11;7492.89;2,130,131,8,9,13,19,20,24,30,31,33,34,35,36,37,38,40,43,47,49,49,52,53,58,61,63,64,69,70,70,72,74,75,77,78,79,82,83,84,91,96,97,99,100,101,104,105,107,110,111,112,114,115,116,118,124
8;1;5;2051.57;7948.43;65,1,66,2,130,67,131,4,68,68,5,6,6,8,73,9,76,13,77,78,15,16,19,20,21,21,22,23,25,93,94,33,34,99,100,43,46,110,111,48,55,56,124,62
8;9;10;309.07;9690.93;117,86,118,119,120,108
8;3;10;820.66;9179.34;64,97,131,9,42,75,110,111,112,113,114,115,20,116,53,31
8;4;7;434.16;9565.84;128,81,17,50,6,87,103,120,28,109,95
8;5;6;2397.73;7602.27;2,130,131,5,8,9,13,16,19,20,24,27,28,30,31,33,34,35,37,40,43,58,59,60,61,63,64,66,67,68,71,73,76,77,78,79,82,84,91,94,96,97,99,100,101,104,107,110,111,112,115,118,124,127
8;0;1;1381.72;8618.28;0,33,1,66,2,99,3,4,5,6,7,8,9,10,11,44,77,110,22,55,88,121
8;2;8;810.41;9189.59;96,32,97,40,107,12,84,118,90,91,123,29,126,127
8;1;4;676.56;9323.44;128,3,6,44,109,45,46,14,48,17,51,54,87,120,25,92,125,95
8;4;6;266.90;9733.10;49,114,36,52,53,70,59,28,47
8;2;5;1255.94;8744.06;1,68,79,84,22,23,24,25,26,90,90,27,91,28,29,29,30,31,96,97,35,101,40,107,46,112,118,57,126,127
8;3;9;1155.45;8844.55;130,8,72,74,77,78,79,80,82,83,19,84,30,96,99,100,101,102,39,104,41,105,107,52,118,61,63
8;7;9;1256.72;8743.28;128,128,103,39,72,106,109,77,78,79,80,81,81,50,50,82,83,84,85,117,86,120,61
9;1;11;1657.39;8342.61;128,65,130,131,7,73,10,76,12,17,17,18,21,87,88,89,92,93,94,95,43,109,51,54,120,121,122,124,125,62
9;8;11;786.41;9213.59;32,129,98,7,73,12,18,51,88,89,123,92,93,126,62,94,127,95
9;3;6;2491.06;7508.94;2,130,131,9,13,19,20,24,30,31,33,34,35,36,37,38,40,43,47,49,49,52,53,58,61,63,64,69,70,70,72,74,75,77,78,79,82,83,84,91,96,97,99,100,101,104,105,107,110,111,112,114,115,116,118,124
9;1;5;2035.52;7964.48;65,1,66,2,130,67,131,4,68,68,5,6,6,73,9,76,13,77,78,15,16,19,20,21,21,22,23,25,93,94,33,34,99,100,43,46,110,111,48,55,56,124,62
9;9;10;309.07;9690.93;117,86,118,119,120,108
9;3;10;820.66;9179.34;64,97,131,9,42,75,110,111,112,113,114,115,20,116,53,31
9;4;7;450.21;9549.79;128,81,17,50,6,87,103,120,8,28,109,95
9;5;6;2381.68;7618.32;2,130,131,5,9,13,16,19,20,24,27,28,30,31,33,34,35,37,40,43,58,59,60,61,63,64,66,67,68,71,73,76,77,78,79,82,84,91,94,96,97,99,100,101,104,107,110,111,112,115,118,124,127
9;0;1;1381.72;8618.28;0,33,1,66,2,99,3,4,5,6,7,8,9,10,11,44,77,110,22,55,88,121
9;2;8;810.41;9189.59;96,32,97,40,107,12,84,118,90,91,123,29,126,127
9;1;4;692.61;9307.39;128,3,6,8,44,109,45,46,14,48,17,51,54,87,120,25,92,125,95
9;4;6;266.90;9733.10;49,114,36,52,53,70,59,28,47
9;2;5;1255.94;8744.06;1,68,79,84,22,23,24,25,26,90,90,27,91,28,29,29,30,31,96,97,35,101,40,107,46,112,118,57,126,127
9;3;9;1139.40;8860.60;130,72,74,77,78,79,80,82,83,19,84,30,96,99,100,101,102,39,104,41,105,107,52,118,61,63
9;7;9;1272.77;8727.23;128,128,103,39,72,8,106,109,77,78,79,80,81,81,50,50,82,83,84,85,117,86,120,61
10;1;11;1067.11;8932.89;128,32,65,130,131,7,43,12,76,18,51,84,21,54,88,89,121,122,92,124,125
10;8;11;1380.52;8619.48;129,98,7,10,12,109,18,51,84,87,120,88,89,90,90,123,92,29,29,126,127
10;3;6;1956.53;8043.47;64,2,130,131,69,74,75,13,82,19,20,87,24,91,28,31,95,96,33,97,34,35,100,37,101,38,40,104,105,107,43,109,110,47,111,112,115,116,118,120,58,124,63
10;1;5;1954.50;8045.50;1,65,66,2,130,131,67,4,5,10,76,13,15,16,16,16,19,20,22,23,25,32,33,34,100,110,111,48,55,56
10;9;10;355.60;9644.40;112,114,53,117,86,119,9,42,108
10;3;10;1353.82;8646.18;64,97,131,75,13,13,110,111,113,115,20,116,118,120,31
10;4;7;897.10;9102.90;128,99,36,6,103,72,8,9,77,78,79,17,81,50,114,83,84,52,53,61,30
10;5;6;2424.67;7575.33;2,130,131,5,13,16,19,20,24,27,28,30,31,33,34,35,37,38,38,40,46,58,59,60,61,63,64,66,67,68,69,69,71,73,74,74,76,79,82,87,91,94,95,96,97,100,101,104,107,109,110,111,112,115,118,120,127
10;0;1;1381.72;8618.28;0,33,1,66,2,3,99,4,5,6,7,8,9,10,11,44,77,110,22,55,88,121
10;2;8;1381.39;8618.61;96,97,40,73,10,107,12,109,118,87,120,90,123,91,29,93,62,126,94,127,95
10;1;4;795.33;9204.67;128,3,99,6,8,9,43,44,45,77,14,78,48,17,51,84,54,25,92,124,125
10;4;6;449.34;9550.66;70,72,43,46,47,79,49,83,59,124,61,30
10;2;5;1715.83;8284.17;1,68,73,10,79,22,23,87,24,25,26,91,27,28,93,30,94,31,95,96,32,97,35,101,40,107,109,46,112,118,120,57,62,126,127
10;3;9;760.68;9239.32;96,130,36,100,101,102,39,104,41,105,74,42,107,109,112,80,82,19,87,28,95,63
10;7;9;1110.96;8889.04;99,36,39,103,8,9,106,77,77,80,81,81,82,114,52,85,53,117,86,87,28,30,95
11;1;11;1158.61;8841.39;128,32,65,130,131,7,43,76,12,109,18,51,84,21,54,88,120,89,121,122,92,124,125
11;8;11;1289.02;8710.98;129,98,7,10,12,18,51,84,87,88,89,90,90,123,92,29,29,126,127
11;3;6;1941.99;8058.01;64,2,130,131,69,8,9,75,13,82,19,20,87,24,91,28,31,95,96,33,97,34,35,100,101,37,38,40,104,105,107,43,110,47,111,112,115,116,118,120,58,124,63
11;1;5;2040.59;7959.41;1,65,66,2,130,131,67,4,5,8,9,10,76,13,15,16,16,16,19,20,22,23,25,32,33,34,100,110,111,48,55,56,120
11;9;10;341.93;9658.07;112,114,53,117,86,119,42,108
11;3;10;1367.49;8632.51;64,97,131,9,75,13,13,110,111,113,115,20,116,118,120,31
11;4;7;911.64;9088.36;128,99,36,6,103,72,74,109,77,78,79,17,81,50,114,83,84,52,53,61,30
11;5;6;2401.01;7598.99;2,130,131,5,8,9,13,16,19,20,24,27,28,30,31,33,34,35,37,38,38,40,46,58,59,60,61,63,64,66,67,68,69,69,71,73,76,79,82,87,91,94,95,96,97,100,101,104,107,110,111,112,115,118,120,127
11;0;1;1381.72;8618.28;0,33,1,66,2,3,99,4,5,6,7,8,9,10,11,44,77,110,22,55,88,121
11;2;8;1289.89;8710.11;96,97,40,73,10,107,12,118,87,90,123,91,29,93,62,126,94,127,95
11;1;4;800.74;9199.26;128,3,99,6,43,44,45,109,77,14,78,48,17,51,84,54,25,92,124,125
11;4;6;458.47;9541.53;70,72,74,43,46,47,79,49,83,59,124,61,30
11;2;5;1624.32;8375.68;1,68,73,10,79,22,23,87,24,25,26,91,27,28,93,30,94,31,95,96,32,97,35,101,40,107,46,112,118,57,62,126,127
11;3;9;732.48;9267.52;96,130,36,100,101,102,39,104,8,41,105,42,107,112,80,82,19,87,28,95,63
11;7;9;1125.49;8874.51;99,36,39,103,74,106,109,77,77,80,81,81,82,114,52,85,53,117,86,87,28,30,95
12;1;11;1158.61;8841.39;128,65,130,131,7,76,12,18,84,21,88,89,92,32,43,109,51,54,120,121,122,124,125
12;8;11;1289.02;8710.98;129,98,7,10,12,18,51,84,87,88,89,90,90,123,92,29,29,126,127
12;3;6;1925.94;8074.06;64,2,130,131,69,9,75,13,82,19,20,87,24,91,28,31,95,96,33,97,34,35,100,101,37,38,40,104,105,107,43,110,47,111,112,115,116,118,120,58,124,63
12;1;5;2024.54;7975.46;1,65,66,2,130,131,67,4,5,9,10,76,13,15,16,16,16,19,20,22,23,25,32,33,34,100,110,111,48,55,56,120
12;9;10;341.93;9658.07;112,114,53,117,86,119,42,108
12;3;10;1367.49;8632.51;64,97,131,9,75,13,13,110,111,113,115,20,116,118,120,31
12;4;7;927.69;9072.31;128,99,36,6,103,72,8,74,109,77,78,79,17,81,50,114,83,84,52,53,61,30
12;5;6;2384.96;7615.04;2,130,131,5,9,13,16,19,20,24,27,28,30,31,33,34,35,37,38,38,40,46,58,59,60,61,63,64,66,67,68,69,69,71,73,76,79,82,87,91,94,95,96,97,100,101,104,107,110,111,112,115,118,120,127
12;0;1;1381.72;8618.28;0,33,1,66,2,3,99,4,5,6,7,8,9,10,11,44,77,110,22,55,88,121
12;2;8;1289.89;8710.11;96,97,40,73,10,107,12,118,87,90,123,91,29,93,62,126,94,127,95
12;1;4;816.79;9183.21;128,3,99,6,8,43,44,45,109,77,14,78,48,17,51,84,54,25,92,124,125
12;4;6;458.47;9541.53;70,72,74,43,46,47,79,49,83,59,124,61,30
12;2;5;1624.32;8375.68;1,68,73,10,79,22,23,87,24,25,26,91,27,28,93,30,94,31,95,96,32,97,35,101,40,107,46,112,118,57,62,126,127
12;3;9;716.43;9283.57;96,130,36,100,101,102,39,104,41,105,42,107,112,80,82,19,87,28,95,63
12;7;9;1141.54;8858.46;99,36,39,103,8,74,106,109,77,77,80,81,81,82,114,52,85,53,117,86,87,28,30,95
13;1;11;1550.94;8449.06;128,32,65,130,131,7,10,43,76,12,109,18,51,84,21,54,88,120,89,121,122,92,124,125
13;8;11;896.69;9103.31;129,98,7,12,18,51,84,87,88,89,90,90,123,92,29,29,126,127
13;3;6;1925.94;8074.06;64,2,130,131,69,9,75,13,82,19,20,87,24,91,28,31,95,96,33,97,34,35,100,101,37,38,40,104,105,107,43,110,47,111,112,115,116,118,120,58,124,63
13;1;5;2416.87;7583.13;1,65,66,2,130,131,67,4,5,9,10,10,76,13,15,16,16,16,19,20,22,23,25,32,33,34,100,110,111,48,55,56,120
13;9;10;341.93;9658.07;112,114,53,117,86,119,42,108
13;3;10;1367.49;8632.51;64,97,131,9,75,13,13,110,111,113,115,20,116,118,120,31
13;4;7;927.69;9072.31;128,99,36,6,103,72,8,74,109,77,78,79,17,81,50,114,83,84,52,53,61,30
13;5;6;2384.96;7615.04;2,130,131,5,9,13,16,19,20,24,27,28,30,31,33,34,35,37,38,38,40,46,58,59,60,61,63,64,66,67,68,69,69,71,73,76,79,82,87,91,94,95,96,97,100,101,104,107,110,111,112,115,118,120,127
13;0;1;1381.72;8618.28;0,33,1,66,2,3,99,4,5,6,7,8,9,10,11,44,77,110,22,55,88,121
13;2;8;897.56;9102.44;96,97,40,73,107,12,118,87,90,123,91,29,93,62,126,94,127,95
13;1;4;816.79;9183.21;128,3,99,6,8,43,44,45,109,77,14,78,48,17,51,84,54,25,92,124,125
13;4;6;458.47;9541.53;70,72,74,43,46,47,79,49,83,59,124,61,30
13;2;5;1231.99;8768.01;1,68,73,79,22,23,87,24,25,26,91,27,28,93,30,94,31,95,96,32,97,35,101,40,107,46,112,118,57,62,126,127
13;3;9;716.43;9283.57;96,130,36,100,101,102,39,104,41,105,42,107,112,80,82,19,87,28,95,63
13;7;9;1141.54;8858.46;99,36,39,103,8,74,106,109,77,77,80,81,81,82,114,52,85,53,117,86,87,28,30,95
14;1;11;1381.94;8618.06;128,65,129,129,130,131,7,73,76,18,21,87,88,89,90,92,29,95,32,96,98,98,40,43,107,109,51,54,120,121,122,123,124,125,126,127
14;8;11;886.21;9113.79;96,129,98,7,40,73,10,107,18,51,88,89,90,92,29,95
14;3;6;1925.60;8074.40;64,2,131,69,8,9,74,75,13,79,83,20,84,24,91,30,31,96,33,97,34,35,36,100,37,101,38,40,104,105,43,110,111,47,112,115,116,118,120,58,124
14;1;5;2543.73;7456.27;65,1,66,2,131,67,4,5,8,73,9,10,76,12,13,15,16,82,20,22,23,25,90,28,29,32,96,33,100,40,43,110,111,48,55,56,120,57,57,123,61,126,127,63
14;9;10;262.51;9737.49;114,53,117,86,119,108
14;3;10;867.23;9132.77;64,97,131,9,42,75,110,111,112,113,115,20,116,118,120,31
14;4;7;928.03;9071.97;128,130,6,72,77,78,17,81,82,19,87,28,95,99,103,107,109,50,114,52,53,61,63
14;5;6;2063.21;7936.79;64,66,2,131,67,68,5,71,8,73,9,76,13,79,16,20,84,24,91,27,94,30,31,96,33,97,35,100,37,101,38,38,40,104,43,46,110,111,112,115,118,120,58,59,60,127
14;0;1;1381.72;8618.28;0,33,1,66,2,99,3,4,5,6,7,8,9,10,11,44,77,110,22,55,88,121
14;2;8;682.91;9317.09;97,84,118,10,91,93,94,62
14;1;4;1048.46;8951.54;128,130,3,6,77,14,78,17,82,19,87,25,28,92,95,34,99,107,44,109,45,48,51,54,124,125,61,63
14;4;6;347.26;9652.74;49,34,36,69,69,70,72,59,124,46,47
14;2;5;1835.07;8164.93;1,68,10,12,79,84,22,23,24,25,90,26,91,27,28,93,29,94,30,31,32,97,35,101,46,112,118,57,123,62
14;3;9;615.02;9384.98;96,100,101,102,39,8,104,41,105,74,79,80,83,84,30
14;7;9;867.77;9132.23;130,99,39,103,106,107,109,79,80,114,83,19,52,84,85,53,117,86,63
15;1;11;1385.74;8614.26;128,65,129,129,130,131,7,73,76,18,21,87,88,89,90,92,29,95,96,32,98,98,40,43,107,109,51,54,121,122,123,124,124,124,125,126,127
15;8;11;942.59;9057.41;96,129,98,7,40,73,10,107,18,51,88,120,89,90,92,29,95
15;3;6;1942.87;8057.13;64,2,131,69,8,9,74,75,13,79,83,20,84,24,91,30,31,96,33,97,34,35,36,100,37,101,38,40,104,105,43,110,47,111,112,115,116,118,120,58,124,63
15;1;5;2470.08;7529.92;1,65,66,2,131,67,4,5,8,9,73,10,76,12,13,15,16,82,20,22,23,25,90,28,29,96,32,33,100,40,43,110,111,48,55,56,57,57,123,61,126,127
15;9;10;295.82;9704.18;114,117,53,86,119,108,31
15;3;10;833.92;9166.08;64,97,131,9,42,75,110,111,112,113,115,20,116,118,120
15;4;7;910.75;9089.25;128,130,99,6,103,72,107,77,109,78,17,81,82,50,114,19,52,53,87,28,61,95
15;5;6;2080.49;7919.51;64,66,2,131,67,68,5,71,8,9,73,76,13,79,16,20,84,24,27,91,94,30,31,96,33,97,35,100,37,101,38,38,40,104,43,46,110,111,112,115,118,120,58,59,60,63,127
15;0;1;1381.72;8618.28;0,33,1,66,2,99,3,4,5,6,7,8,9,10,11,44,77,110,22,55,88,121
15;2;8;739.28;9260.72;97,84,118,120,10,91,93,94,62
15;1;4;1031.19;8968.81;128,130,3,6,77,14,78,17,82,19,87,25,28,92,95,34,99,107,44,109,45,48,51,54,124,125,61
15;4;6;347.26;9652.74;49,34,36,69,69,70,72,59,124,46,47
15;2;5;1891.44;8108.56;1,68,10,12,79,84,22,23,24,25,26,90,27,91,28,29,93,94,30,31,32,97,35,101,46,112,118,120,57,123,62
15;3;9;665.61;9334.39;96,100,101,102,39,8,104,41,105,74,79,80,83,84,30,63,31
15;7;9;850.49;9149.51;130,99,39,103,106,107,109,79,80,114,83,19,52,84,85,117,53,86
16;1;11;2005.21;7994.79;128,65,1,130,3,3,131,7,73,10,76,12,15,15,21,88,89,92,93,94,96,44,44,109,45,45,51,54,120,121,122,123,124,125,126
16;8;11;961.38;9038.62;32,96,129,1,98,7,73,43,12,51,87,88,89,92,93,94,95,95,127
16;3;6;2695.69;7304.31;128,2,130,131,6,8,9,13,17,19,20,24,28,30,31,33,34,35,36,37,38,40,43,48,48,50,52,53,58,59,59,61,63,64,69,70,70,72,74,75,77,78,79,82,83,84,87,91,92,92,95,96,97,99,100,101,104,105,107,110,111,112,115,116,118,124
16;1;5;2414.09;7585.91;1,1,2,130,131,4,5,6,8,9,13,14,14,15,16,17,18,19,20,22,23,30,30,33,34,46,49,51,53,55,56,62,62,65,66,67,68,68,73,76,77,78,92,93,94,96,99,100,110,111,123,124,125,125,126
16;9;10;387.58;9612.42;112,117,86,118,120,9,42,108
16;3;10;742.15;9257.85;64,97,131,75,110,111,113,114,115,116,20,53,119,31
16;4;7;311.16;9688.84;120,81,114,109,103,47
16;5;6;2821.01;7178.99;2,130,131,5,6,8,9,13,16,17,19,20,24,25,27,28,30,31,33,34,35,37,40,43,48,48,48,49,51,53,58,59,60,61,63,64,66,67,68,69,69,71,73,74,74,76,77,78,79,82,84,87,91,92,94,95,96,97,99,100,101,104,107,110,111,112,115,118,124,127
16;0;1;1381.72;8618.28;0,33,1,66,2,3,99,4,5,6,7,8,9,10,11,44,77,110,22,55,88,121
16;2;8;979.04;9020.96;32,97,1,40,43,107,12,18,84,118,87,90,91,29,62,95,127
16;1;4;523.60;9476.40;128,3,44,109,45,46,14,49,53,54,120,59,59,125
16;4;6;273.82;9726.18;128,48,50,51,36,52,70,25,59,92
16;2;5;1318.61;8681.39;68,79,18,84,22,23,87,24,25,90,90,26,27,91,28,29,29,30,95,31,97,35,101,40,43,107,46,112,118,57,123,62,127
16;3;9;1721.88;8278.12;128,130,69,69,6,72,8,9,74,77,78,79,80,17,82,19,83,84,87,28,30,95,96,99,100,101,102,39,104,105,41,42,107,47,112,50,114,52,118,119,61,63
16;7;9;1435.56;8564.44;128,6,72,77,78,79,80,17,81,81,82,83,84,85,86,87,28,95,39,103,106,109,47,50,114,117,120,61
