solutionNumber;nodeName;usedCpu;usedRam;usedHdd;remainingCpu;remainingRam;remainingHdd;vnfList
0;0;0.00;0.00;0.00;0.00;0.00;0.00;
0;11;24.00;24000.00;4.00;136.00;136000.00;96.00;Proxy[11][0]=0.70,IDS[11][0]=0.99,IDS[11][1]=0.05,Firewall[11][0]=0.70
0;1;40.00;40000.00;7.00;120.00;120000.00;93.00;Proxy[1][0]=1.00,Proxy[1][1]=0.83,IDS[1][0]=0.99,IDS[1][1]=0.99,IDS[1][2]=0.75,Firewall[1][0]=1.00,Firewall[1][1]=0.83
0;2;0.00;0.00;0.00;0.00;0.00;0.00;
0;3;40.00;40000.00;7.00;120.00;120000.00;93.00;Proxy[3][0]=0.99,Proxy[3][1]=0.65,IDS[3][0]=1.00,IDS[3][1]=1.00,IDS[3][2]=0.47,Firewall[3][0]=0.99,Firewall[3][1]=0.65
0;4;16.00;16000.00;3.00;144.00;144000.00;97.00;Proxy[4][0]=0.63,IDS[4][0]=0.95,Firewall[4][0]=0.63
0;5;24.00;24000.00;4.00;136.00;136000.00;96.00;Proxy[5][0]=1.00,IDS[5][0]=1.00,IDS[5][1]=0.50,Firewall[5][0]=1.00
0;6;0.00;0.00;0.00;0.00;0.00;0.00;
0;7;0.00;0.00;0.00;0.00;0.00;0.00;
0;8;0.00;0.00;0.00;0.00;0.00;0.00;
0;9;16.00;16000.00;3.00;144.00;144000.00;97.00;Proxy[9][0]=0.49,IDS[9][0]=0.74,Firewall[9][0]=0.49
0;10;16.00;16000.00;3.00;144.00;144000.00;97.00;Proxy[10][0]=0.31,IDS[10][0]=0.46,Firewall[10][0]=0.31
1;11;16.00;16000.00;3.00;144.00;144000.00;97.00;Proxy[11][0]=0.67,IDS[11][0]=1.00,Firewall[11][0]=0.67
1;0;0.00;0.00;0.00;0.00;0.00;0.00;
1;1;40.00;40000.00;7.00;120.00;120000.00;93.00;Proxy[1][0]=1.00,Proxy[1][1]=0.96,IDS[1][0]=0.99,IDS[1][1]=1.00,IDS[1][2]=0.98,Firewall[1][0]=1.00,Firewall[1][1]=0.96
1;2;0.00;0.00;0.00;0.00;0.00;0.00;
1;3;24.00;24000.00;4.00;136.00;136000.00;96.00;Proxy[3][0]=0.93,IDS[3][0]=1.00,IDS[3][1]=0.39,Firewall[3][0]=0.93
1;4;16.00;16000.00;3.00;144.00;144000.00;97.00;Proxy[4][0]=0.42,IDS[4][0]=0.60,Firewall[4][0]=0.40
1;5;40.00;40000.00;7.00;120.00;120000.00;93.00;Proxy[5][0]=1.00,Proxy[5][1]=0.91,IDS[5][0]=1.00,IDS[5][1]=1.00,IDS[5][2]=0.87,Firewall[5][0]=1.00,Firewall[5][1]=0.93
1;6;0.00;0.00;0.00;0.00;0.00;0.00;
1;7;0.00;0.00;0.00;0.00;0.00;0.00;
1;8;0.00;0.00;0.00;0.00;0.00;0.00;
1;9;16.00;16000.00;3.00;144.00;144000.00;97.00;Proxy[9][0]=0.48,IDS[9][0]=0.72,Firewall[9][0]=0.48
1;10;16.00;16000.00;3.00;144.00;144000.00;97.00;Proxy[10][0]=0.23,IDS[10][0]=0.34,Firewall[10][0]=0.23
2;11;16.00;16000.00;3.00;144.00;144000.00;97.00;Proxy[11][0]=0.67,IDS[11][0]=1.00,Firewall[11][0]=0.67
2;0;0.00;0.00;0.00;0.00;0.00;0.00;
2;1;40.00;40000.00;7.00;120.00;120000.00;93.00;Proxy[1][0]=1.00,Proxy[1][1]=0.98,IDS[1][0]=0.99,IDS[1][1]=1.00,IDS[1][2]=0.95,Firewall[1][0]=1.00,Firewall[1][1]=0.98
2;2;0.00;0.00;0.00;0.00;0.00;0.00;
2;3;16.00;16000.00;3.00;144.00;144000.00;97.00;Proxy[3][0]=0.66,IDS[3][0]=0.94,Firewall[3][0]=0.66
2;4;16.00;16000.00;3.00;144.00;144000.00;97.00;Proxy[4][0]=0.48,IDS[4][0]=0.72,Firewall[4][0]=0.53
2;5;40.00;40000.00;7.00;120.00;120000.00;93.00;Proxy[5][0]=1.00,Proxy[5][1]=0.94,IDS[5][0]=1.00,IDS[5][1]=0.99,IDS[5][2]=0.95,Firewall[5][0]=1.00,Firewall[5][1]=0.89
2;6;0.00;0.00;0.00;0.00;0.00;0.00;
2;7;0.00;0.00;0.00;0.00;0.00;0.00;
2;8;0.00;0.00;0.00;0.00;0.00;0.00;
2;9;16.00;16000.00;3.00;144.00;144000.00;97.00;Proxy[9][0]=0.59,IDS[9][0]=0.77,Firewall[9][0]=0.64
2;10;16.00;16000.00;3.00;144.00;144000.00;97.00;Proxy[10][0]=0.28,IDS[10][0]=0.59,Firewall[10][0]=0.23
3;11;16.00;16000.00;3.00;144.00;144000.00;97.00;Proxy[11][0]=0.97,IDS[11][0]=0.96,Firewall[11][0]=0.98
3;0;0.00;0.00;0.00;0.00;0.00;0.00;
3;1;40.00;40000.00;7.00;120.00;120000.00;93.00;Proxy[1][0]=1.00,Proxy[1][1]=0.99,IDS[1][0]=0.99,IDS[1][1]=0.98,IDS[1][2]=0.99,Firewall[1][0]=1.00,Firewall[1][1]=0.89
3;2;0.00;0.00;0.00;0.00;0.00;0.00;
3;3;32.00;32000.00;6.00;128.00;128000.00;94.00;Proxy[3][0]=1.00,Proxy[3][1]=0.72,IDS[3][0]=1.00,IDS[3][1]=1.00,Firewall[3][0]=1.00,Firewall[3][1]=0.80
3;4;8.00;8000.00;1.00;152.00;152000.00;99.00;IDS[4][0]=0.49
3;5;24.00;24000.00;4.00;136.00;136000.00;96.00;Proxy[5][0]=1.00,IDS[5][0]=1.00,IDS[5][1]=0.91,Firewall[5][0]=0.99
3;6;0.00;0.00;0.00;0.00;0.00;0.00;
3;7;0.00;0.00;0.00;0.00;0.00;0.00;
3;8;0.00;0.00;0.00;0.00;0.00;0.00;
3;9;24.00;24000.00;4.00;136.00;136000.00;96.00;Proxy[9][0]=0.92,IDS[9][0]=1.00,IDS[9][1]=0.56,Firewall[9][0]=0.93
3;10;0.00;0.00;0.00;160.00;160000.00;100.00;
4;11;16.00;16000.00;3.00;144.00;144000.00;97.00;Proxy[11][0]=0.98,IDS[11][0]=0.94,Firewall[11][0]=0.95
4;0;0.00;0.00;0.00;0.00;0.00;0.00;
4;1;40.00;40000.00;7.00;120.00;120000.00;93.00;Proxy[1][0]=1.00,Proxy[1][1]=0.98,IDS[1][0]=0.99,IDS[1][1]=1.00,IDS[1][2]=0.99,Firewall[1][0]=1.00,Firewall[1][1]=0.91
4;2;0.00;0.00;0.00;0.00;0.00;0.00;
4;3;32.00;32000.00;6.00;128.00;128000.00;94.00;Proxy[3][0]=1.00,Proxy[3][1]=0.65,IDS[3][0]=1.00,IDS[3][1]=0.98,Firewall[3][0]=1.00,Firewall[3][1]=0.86
4;4;8.00;8000.00;1.00;152.00;152000.00;99.00;IDS[4][0]=0.36
4;5;24.00;24000.00;4.00;136.00;136000.00;96.00;Proxy[5][0]=1.00,IDS[5][0]=1.00,IDS[5][1]=0.95,Firewall[5][0]=0.89
4;6;0.00;0.00;0.00;0.00;0.00;0.00;
4;7;0.00;0.00;0.00;0.00;0.00;0.00;
4;8;0.00;0.00;0.00;0.00;0.00;0.00;
4;9;24.00;24000.00;4.00;136.00;136000.00;96.00;Proxy[9][0]=0.99,IDS[9][0]=1.00,IDS[9][1]=0.68,Firewall[9][0]=0.97
4;10;0.00;0.00;0.00;160.00;160000.00;100.00;
5;11;16.00;16000.00;3.00;144.00;144000.00;97.00;Proxy[11][0]=0.98,IDS[11][0]=0.94,Firewall[11][0]=0.95
5;0;0.00;0.00;0.00;0.00;0.00;0.00;
5;1;40.00;40000.00;7.00;120.00;120000.00;93.00;Proxy[1][0]=1.00,Proxy[1][1]=0.98,IDS[1][0]=0.99,IDS[1][1]=0.98,IDS[1][2]=0.99,Firewall[1][0]=1.00,Firewall[1][1]=0.97
5;2;0.00;0.00;0.00;0.00;0.00;0.00;
5;3;32.00;32000.00;6.00;128.00;128000.00;94.00;Proxy[3][0]=1.00,Proxy[3][1]=0.65,IDS[3][0]=1.00,IDS[3][1]=0.97,Firewall[3][0]=1.00,Firewall[3][1]=0.81
5;4;8.00;8000.00;1.00;152.00;152000.00;99.00;IDS[4][0]=0.47
5;5;24.00;24000.00;4.00;136.00;136000.00;96.00;Proxy[5][0]=1.00,IDS[5][0]=1.00,IDS[5][1]=0.99,Firewall[5][0]=0.89
5;6;0.00;0.00;0.00;0.00;0.00;0.00;
5;7;0.00;0.00;0.00;0.00;0.00;0.00;
5;8;0.00;0.00;0.00;0.00;0.00;0.00;
5;9;24.00;24000.00;4.00;136.00;136000.00;96.00;Proxy[9][0]=0.99,IDS[9][0]=1.00,IDS[9][1]=0.56,Firewall[9][0]=0.97
5;10;0.00;0.00;0.00;160.00;160000.00;100.00;
6;11;16.00;16000.00;3.00;144.00;144000.00;97.00;Proxy[11][0]=0.99,IDS[11][0]=0.93,Firewall[11][0]=0.96
6;0;0.00;0.00;0.00;0.00;0.00;0.00;
6;1;40.00;40000.00;7.00;120.00;120000.00;93.00;Proxy[1][0]=1.00,Proxy[1][1]=0.98,IDS[1][0]=0.99,IDS[1][1]=0.98,IDS[1][2]=0.99,Firewall[1][0]=1.00,Firewall[1][1]=0.99
6;2;0.00;0.00;0.00;0.00;0.00;0.00;
6;3;32.00;32000.00;6.00;128.00;128000.00;94.00;Proxy[3][0]=1.00,Proxy[3][1]=0.73,IDS[3][0]=1.00,IDS[3][1]=0.96,Firewall[3][0]=1.00,Firewall[3][1]=0.70
6;4;8.00;8000.00;1.00;152.00;152000.00;99.00;IDS[4][0]=0.48
6;5;24.00;24000.00;4.00;136.00;136000.00;96.00;Proxy[5][0]=0.98,IDS[5][0]=0.99,IDS[5][1]=1.00,Firewall[5][0]=0.98
6;6;0.00;0.00;0.00;0.00;0.00;0.00;
6;7;0.00;0.00;0.00;0.00;0.00;0.00;
6;8;0.00;0.00;0.00;0.00;0.00;0.00;
6;9;24.00;24000.00;4.00;136.00;136000.00;96.00;Proxy[9][0]=0.92,IDS[9][0]=1.00,IDS[9][1]=0.58,Firewall[9][0]=0.96
6;10;0.00;0.00;0.00;160.00;160000.00;100.00;
7;11;16.00;16000.00;3.00;144.00;144000.00;97.00;Proxy[11][0]=0.98,IDS[11][0]=0.99,Firewall[11][0]=0.98
7;0;0.00;0.00;0.00;0.00;0.00;0.00;
7;1;40.00;40000.00;7.00;120.00;120000.00;93.00;Proxy[1][0]=1.00,Proxy[1][1]=0.99,IDS[1][0]=0.99,IDS[1][1]=0.98,IDS[1][2]=0.99,Firewall[1][0]=1.00,Firewall[1][1]=0.98
7;2;0.00;0.00;0.00;0.00;0.00;0.00;
7;3;32.00;32000.00;6.00;128.00;128000.00;94.00;Proxy[3][0]=1.00,Proxy[3][1]=0.71,IDS[3][0]=1.00,IDS[3][1]=0.93,Firewall[3][0]=1.00,Firewall[3][1]=0.75
7;4;8.00;8000.00;1.00;152.00;152000.00;99.00;IDS[4][0]=0.60
7;5;24.00;24000.00;4.00;136.00;136000.00;96.00;Proxy[5][0]=0.97,IDS[5][0]=1.00,IDS[5][1]=0.86,Firewall[5][0]=0.93
7;6;0.00;0.00;0.00;0.00;0.00;0.00;
7;7;0.00;0.00;0.00;0.00;0.00;0.00;
7;8;0.00;0.00;0.00;0.00;0.00;0.00;
7;9;24.00;24000.00;4.00;136.00;136000.00;96.00;Proxy[9][0]=0.95,IDS[9][0]=1.00,IDS[9][1]=0.56,Firewall[9][0]=0.97
7;10;0.00;0.00;0.00;160.00;160000.00;100.00;
8;11;16.00;16000.00;3.00;144.00;144000.00;97.00;Proxy[11][0]=0.95,IDS[11][0]=0.90,Firewall[11][0]=0.96
8;0;0.00;0.00;0.00;0.00;0.00;0.00;
8;1;40.00;40000.00;7.00;120.00;120000.00;93.00;Proxy[1][0]=1.00,Proxy[1][1]=0.90,IDS[1][0]=0.99,IDS[1][1]=0.98,IDS[1][2]=1.00,Firewall[1][0]=1.00,Firewall[1][1]=0.98
8;2;0.00;0.00;0.00;0.00;0.00;0.00;
8;3;32.00;32000.00;6.00;128.00;128000.00;94.00;Proxy[3][0]=1.00,Proxy[3][1]=0.85,IDS[3][0]=1.00,IDS[3][1]=0.92,Firewall[3][0]=1.00,Firewall[3][1]=0.76
8;4;8.00;8000.00;1.00;152.00;152000.00;99.00;IDS[4][0]=0.62
8;5;24.00;24000.00;4.00;136.00;136000.00;96.00;Proxy[5][0]=0.98,IDS[5][0]=1.00,IDS[5][1]=0.98,Firewall[5][0]=0.99
8;6;0.00;0.00;0.00;0.00;0.00;0.00;
8;7;0.00;0.00;0.00;0.00;0.00;0.00;
8;8;0.00;0.00;0.00;0.00;0.00;0.00;
8;9;24.00;24000.00;4.00;136.00;136000.00;96.00;Proxy[9][0]=0.91,IDS[9][0]=0.99,IDS[9][1]=0.51,Firewall[9][0]=0.91
8;10;0.00;0.00;0.00;160.00;160000.00;100.00;
9;11;16.00;16000.00;3.00;144.00;144000.00;97.00;Proxy[11][0]=0.95,IDS[11][0]=0.90,Firewall[11][0]=0.96
9;0;0.00;0.00;0.00;0.00;0.00;0.00;
9;1;40.00;40000.00;7.00;120.00;120000.00;93.00;Proxy[1][0]=1.00,Proxy[1][1]=0.92,IDS[1][0]=0.99,IDS[1][1]=0.98,IDS[1][2]=1.00,Firewall[1][0]=1.00,Firewall[1][1]=0.98
9;2;0.00;0.00;0.00;0.00;0.00;0.00;
9;3;32.00;32000.00;6.00;128.00;128000.00;94.00;Proxy[3][0]=1.00,Proxy[3][1]=0.83,IDS[3][0]=1.00,IDS[3][1]=0.94,Firewall[3][0]=1.00,Firewall[3][1]=0.76
9;4;8.00;8000.00;1.00;152.00;152000.00;99.00;IDS[4][0]=0.60
9;5;24.00;24000.00;4.00;136.00;136000.00;96.00;Proxy[5][0]=0.98,IDS[5][0]=1.00,IDS[5][1]=0.98,Firewall[5][0]=0.99
9;6;0.00;0.00;0.00;0.00;0.00;0.00;
9;7;0.00;0.00;0.00;0.00;0.00;0.00;
9;8;0.00;0.00;0.00;0.00;0.00;0.00;
9;9;24.00;24000.00;4.00;136.00;136000.00;96.00;Proxy[9][0]=0.91,IDS[9][0]=0.99,IDS[9][1]=0.51,Firewall[9][0]=0.91
9;10;0.00;0.00;0.00;160.00;160000.00;100.00;
10;11;16.00;16000.00;3.00;144.00;144000.00;97.00;Proxy[11][0]=0.98,IDS[11][0]=0.90,Firewall[11][0]=0.81
10;0;0.00;0.00;0.00;0.00;0.00;0.00;
10;1;32.00;32000.00;5.00;128.00;128000.00;95.00;Proxy[1][0]=0.91,IDS[1][0]=0.99,IDS[1][1]=1.00,IDS[1][2]=0.76,Firewall[1][0]=0.88
10;2;0.00;0.00;0.00;0.00;0.00;0.00;
10;3;12.00;12000.00;2.00;148.00;148000.00;98.00;IDS[3][0]=0.96,Firewall[3][0]=0.47
10;4;16.00;16000.00;3.00;144.00;144000.00;97.00;Proxy[4][0]=0.89,IDS[4][0]=0.81,Firewall[4][0]=0.94
10;5;32.00;32000.00;6.00;128.00;128000.00;94.00;Proxy[5][0]=1.00,Proxy[5][1]=0.88,IDS[5][0]=1.00,IDS[5][1]=0.98,Firewall[5][0]=1.00,Firewall[5][1]=0.92
10;6;0.00;0.00;0.00;0.00;0.00;0.00;
10;7;0.00;0.00;0.00;0.00;0.00;0.00;
10;8;0.00;0.00;0.00;0.00;0.00;0.00;
10;9;24.00;24000.00;4.00;136.00;136000.00;96.00;Proxy[9][0]=0.99,IDS[9][0]=1.00,IDS[9][1]=0.54,Firewall[9][0]=0.76
10;10;16.00;16000.00;3.00;144.00;144000.00;97.00;Proxy[10][0]=0.95,IDS[10][0]=0.95,Firewall[10][0]=0.80
11;11;16.00;16000.00;3.00;144.00;144000.00;97.00;Proxy[11][0]=0.87,IDS[11][0]=0.90,Firewall[11][0]=0.81
11;0;0.00;0.00;0.00;0.00;0.00;0.00;
11;1;32.00;32000.00;5.00;128.00;128000.00;95.00;Proxy[1][0]=0.96,IDS[1][0]=0.99,IDS[1][1]=1.00,IDS[1][2]=0.97,Firewall[1][0]=0.84
11;2;0.00;0.00;0.00;0.00;0.00;0.00;
11;3;12.00;12000.00;2.00;148.00;148000.00;98.00;IDS[3][0]=0.96,Firewall[3][0]=0.91
11;4;16.00;16000.00;3.00;144.00;144000.00;97.00;Proxy[4][0]=0.87,IDS[4][0]=0.80,Firewall[4][0]=0.92
11;5;32.00;32000.00;6.00;128.00;128000.00;94.00;Proxy[5][0]=1.00,Proxy[5][1]=0.95,IDS[5][0]=1.00,IDS[5][1]=0.80,Firewall[5][0]=1.00,Firewall[5][1]=0.84
11;6;0.00;0.00;0.00;0.00;0.00;0.00;
11;7;0.00;0.00;0.00;0.00;0.00;0.00;
11;8;0.00;0.00;0.00;0.00;0.00;0.00;
11;9;24.00;24000.00;4.00;136.00;136000.00;96.00;Proxy[9][0]=0.99,IDS[9][0]=1.00,IDS[9][1]=0.52,Firewall[9][0]=0.79
11;10;16.00;16000.00;3.00;144.00;144000.00;97.00;Proxy[10][0]=0.95,IDS[10][0]=0.95,Firewall[10][0]=0.48
12;11;16.00;16000.00;3.00;144.00;144000.00;97.00;Proxy[11][0]=0.87,IDS[11][0]=0.90,Firewall[11][0]=0.81
12;0;0.00;0.00;0.00;0.00;0.00;0.00;
12;1;32.00;32000.00;5.00;128.00;128000.00;95.00;Proxy[1][0]=0.95,IDS[1][0]=0.99,IDS[1][1]=1.00,IDS[1][2]=0.94,Firewall[1][0]=0.84
12;2;0.00;0.00;0.00;0.00;0.00;0.00;
12;3;12.00;12000.00;2.00;148.00;148000.00;98.00;IDS[3][0]=0.96,Firewall[3][0]=0.59
12;4;16.00;16000.00;3.00;144.00;144000.00;97.00;Proxy[4][0]=0.88,IDS[4][0]=0.83,Firewall[4][0]=0.94
12;5;32.00;32000.00;6.00;128.00;128000.00;94.00;Proxy[5][0]=1.00,Proxy[5][1]=0.95,IDS[5][0]=1.00,IDS[5][1]=0.80,Firewall[5][0]=1.00,Firewall[5][1]=0.82
12;6;0.00;0.00;0.00;0.00;0.00;0.00;
12;7;0.00;0.00;0.00;0.00;0.00;0.00;
12;8;0.00;0.00;0.00;0.00;0.00;0.00;
12;9;24.00;24000.00;4.00;136.00;136000.00;96.00;Proxy[9][0]=0.99,IDS[9][0]=1.00,IDS[9][1]=0.52,Firewall[9][0]=0.79
12;10;16.00;16000.00;3.00;144.00;144000.00;97.00;Proxy[10][0]=0.95,IDS[10][0]=0.95,Firewall[10][0]=0.80
13;11;16.00;16000.00;3.00;144.00;144000.00;97.00;Proxy[11][0]=0.87,IDS[11][0]=0.90,Firewall[11][0]=0.81
13;0;0.00;0.00;0.00;0.00;0.00;0.00;
13;1;32.00;32000.00;5.00;128.00;128000.00;95.00;Proxy[1][0]=0.95,IDS[1][0]=0.99,IDS[1][1]=1.00,IDS[1][2]=0.94,Firewall[1][0]=0.84
13;2;0.00;0.00;0.00;0.00;0.00;0.00;
13;3;12.00;12000.00;2.00;148.00;148000.00;98.00;IDS[3][0]=0.96,Firewall[3][0]=0.59
13;4;16.00;16000.00;3.00;144.00;144000.00;97.00;Proxy[4][0]=0.88,IDS[4][0]=0.83,Firewall[4][0]=0.94
13;5;32.00;32000.00;6.00;128.00;128000.00;94.00;Proxy[5][0]=1.00,Proxy[5][1]=0.95,IDS[5][0]=1.00,IDS[5][1]=0.80,Firewall[5][0]=1.00,Firewall[5][1]=0.82
13;6;0.00;0.00;0.00;0.00;0.00;0.00;
13;7;0.00;0.00;0.00;0.00;0.00;0.00;
13;8;0.00;0.00;0.00;0.00;0.00;0.00;
13;9;24.00;24000.00;4.00;136.00;136000.00;96.00;Proxy[9][0]=0.99,IDS[9][0]=1.00,IDS[9][1]=0.52,Firewall[9][0]=0.79
13;10;16.00;16000.00;3.00;144.00;144000.00;97.00;Proxy[10][0]=0.95,IDS[10][0]=0.95,Firewall[10][0]=0.80
14;11;12.00;12000.00;2.00;148.00;148000.00;98.00;IDS[11][0]=0.75,Firewall[11][0]=0.42
14;0;0.00;0.00;0.00;0.00;0.00;0.00;
14;1;44.00;44000.00;8.00;116.00;116000.00;92.00;Proxy[1][0]=0.99,Proxy[1][1]=1.00,Proxy[1][2]=0.91,IDS[1][0]=0.99,IDS[1][1]=0.99,IDS[1][2]=0.92,Firewall[1][0]=0.99,Firewall[1][1]=0.98
14;2;0.00;0.00;0.00;0.00;0.00;0.00;
14;3;8.00;8000.00;1.00;152.00;152000.00;99.00;IDS[3][0]=0.96
14;4;24.00;24000.00;4.00;136.00;136000.00;96.00;Proxy[4][0]=0.95,IDS[4][0]=1.00,IDS[4][1]=0.76,Firewall[4][0]=0.96
14;5;28.00;28000.00;5.00;132.00;132000.00;95.00;Proxy[5][0]=0.99,IDS[5][0]=1.00,IDS[5][1]=0.82,Firewall[5][0]=1.00,Firewall[5][1]=0.62
14;6;0.00;0.00;0.00;0.00;0.00;0.00;
14;7;0.00;0.00;0.00;0.00;0.00;0.00;
14;8;0.00;0.00;0.00;0.00;0.00;0.00;
14;9;16.00;16000.00;3.00;144.00;144000.00;97.00;Proxy[9][0]=0.88,IDS[9][0]=0.96,Firewall[9][0]=0.71
14;10;16.00;16000.00;3.00;144.00;144000.00;97.00;Proxy[10][0]=0.89,IDS[10][0]=0.75,Firewall[10][0]=0.90
15;11;12.00;12000.00;2.00;148.00;148000.00;98.00;IDS[11][0]=0.91,Firewall[11][0]=0.43
15;0;0.00;0.00;0.00;0.00;0.00;0.00;
15;1;44.00;44000.00;8.00;116.00;116000.00;92.00;Proxy[1][0]=0.99,Proxy[1][1]=1.00,Proxy[1][2]=0.94,IDS[1][0]=1.00,IDS[1][1]=1.00,IDS[1][2]=0.89,Firewall[1][0]=0.99,Firewall[1][1]=0.96
15;2;0.00;0.00;0.00;0.00;0.00;0.00;
15;3;8.00;8000.00;1.00;152.00;152000.00;99.00;IDS[3][0]=0.74
15;4;24.00;24000.00;4.00;136.00;136000.00;96.00;Proxy[4][0]=0.97,IDS[4][0]=1.00,IDS[4][1]=0.66,Firewall[4][0]=0.97
15;5;28.00;28000.00;5.00;132.00;132000.00;95.00;Proxy[5][0]=0.99,IDS[5][0]=1.00,IDS[5][1]=0.90,Firewall[5][0]=1.00,Firewall[5][1]=0.78
15;6;0.00;0.00;0.00;0.00;0.00;0.00;
15;7;0.00;0.00;0.00;0.00;0.00;0.00;
15;8;0.00;0.00;0.00;0.00;0.00;0.00;
15;9;16.00;16000.00;3.00;144.00;144000.00;97.00;Proxy[9][0]=0.95,IDS[9][0]=0.99,Firewall[9][0]=0.83
15;10;16.00;16000.00;3.00;144.00;144000.00;97.00;Proxy[10][0]=0.76,IDS[10][0]=0.81,Firewall[10][0]=0.64
16;11;16.00;16000.00;3.00;144.00;144000.00;97.00;Proxy[11][0]=0.99,IDS[11][0]=0.99,Firewall[11][0]=0.97
16;0;0.00;0.00;0.00;0.00;0.00;0.00;
16;1;40.00;40000.00;7.00;120.00;120000.00;93.00;Proxy[1][0]=1.00,Proxy[1][1]=0.83,IDS[1][0]=0.99,IDS[1][1]=1.00,IDS[1][2]=0.98,Firewall[1][0]=1.00,Firewall[1][1]=0.80
16;2;0.00;0.00;0.00;0.00;0.00;0.00;
16;3;32.00;32000.00;6.00;128.00;128000.00;94.00;Proxy[3][0]=1.00,Proxy[3][1]=0.81,IDS[3][0]=1.00,IDS[3][1]=0.96,Firewall[3][0]=1.00,Firewall[3][1]=0.85
16;4;0.00;0.00;0.00;160.00;160000.00;100.00;
16;5;24.00;24000.00;4.00;136.00;136000.00;96.00;Proxy[5][0]=0.99,IDS[5][0]=1.00,IDS[5][1]=1.00,Firewall[5][0]=0.98
16;6;0.00;0.00;0.00;0.00;0.00;0.00;
16;7;0.00;0.00;0.00;0.00;0.00;0.00;
16;8;0.00;0.00;0.00;0.00;0.00;0.00;
16;9;24.00;24000.00;4.00;136.00;136000.00;96.00;Proxy[9][0]=0.98,IDS[9][0]=0.99,IDS[9][1]=0.98,Firewall[9][0]=1.00
16;10;0.00;0.00;0.00;160.00;160000.00;100.00;
