iteration;UNFEASIBLE;MEAN_DELAY_INDEX;MEDIAN_DELAY_INDEX;TOTAL_DELAY;MAX_DELAY_INDEX;MEAN_HOPS_INDEX;MEDIAN_HOPS_INDEX;TOTAL_NUMBER_OF_HOPS;MAX_HOPS_INDEX;TOTAL_USED_CPU;TOTAL_USED_RAM;TOTAL_USED_HDD;MEAN_INVERSE_LOAD_INDEX;MEDIAN_INVERSE_LOAD_INDEX;NUMBER_OF_VNF_INSTANCES;TOTAL_ROOTED_VNF_LOADS;NUMBER_OF_DELAY_VIOLATIONS;NUMBER_OF_CPU_VIOLATIONS;NUMBER_OF_RAM_VIOLATIONS;NUMBER_OF_HDD_VIOLATIONS;NUMBER_OF_EXCESSIVE_VNFS;NUMBER_OF_CONGESTED_LINKS;TOTAL_OVERLOADED_VNF_CAPACITY;TOTAL_ROOTED_EXCESSIVE_VNF_CAPACITY;obj0;obj1;obj2;obj3;obj4;obj5
0;0.0;1.0;1.0;36250.0;1.0;1.0598484848484846;1.0;360.0;1.5;176.0;176000.0;31.0;2.0526384669551963;1.3368179721808178;31.0;724.7116511573174;0.0;0.0;0.0;0.0;0.0;0.0;0.0;0.0;36250.0;360.0;31.0;176.0;176000.0;31.0
1;0.0;1.0;1.0;36250.0;1.0;1.0598484848484846;1.0;360.0;1.5;176.0;176000.0;31.0;2.0526384669551963;1.3368179721808178;31.0;724.7116511573174;0.0;0.0;0.0;0.0;0.0;0.0;0.0;0.0;36250.0;360.0;31.0;176.0;176000.0;31.0
1;1.0;1.7143748144055744;1.0;47665.0;16.944444444444443;1.6512626262626262;1.0;479.0;10.0;144.0;144000.0;26.0;1.7566346091731448;1.0059518819683126;26.0;666.200212352377;5.0;0.0;0.0;0.0;0.0;0.0;0.0;0.0;47665.0;479.0;26.0;144.0;144000.0;26.0
1;0.0;2.1507256623401267;1.0;49876.0;19.923076923076923;1.6936868686868685;1.0;516.0;8.0;140.0;140000.0;25.0;1.4444136898916369;1.0123347363542903;25.0;658.5758672269204;0.0;0.0;0.0;0.0;0.0;0.0;0.0;0.0;49876.0;516.0;25.0;140.0;140000.0;25.0
1;1.0;1.2961614095269638;1.0;42424.0;6.72093023255814;1.479040404040404;1.0;450.0;8.0;148.0;148000.0;26.0;1.3038332222881768;1.0118157595925754;26.0;671.1428168474338;1.0;0.0;0.0;0.0;0.0;0.0;0.0;0.0;42424.0;450.0;26.0;148.0;148000.0;26.0
1;0.0;1.021772345301757;1.0;36592.0;3.8739495798319328;1.071212121212121;1.0;363.0;3.0;168.0;168000.0;30.0;1.6005296290392894;1.0774056072976275;30.0;715.0151508880871;0.0;0.0;0.0;0.0;0.0;0.0;0.0;0.0;36592.0;363.0;30.0;168.0;168000.0;30.0
1;1.0;1.1575844860003055;1.0;38826.0;6.72093023255814;1.1936868686868685;1.0;385.0;7.0;156.0;156000.0;28.0;1.5621455816607905;1.0609229086262464;28.0;694.4214998387178;1.0;0.0;0.0;0.0;0.0;0.0;0.0;0.0;38826.0;385.0;28.0;156.0;156000.0;28.0
1;0.0;1.068342865459621;1.0;37364.0;5.571428571428571;1.1103535353535354;1.0;370.0;5.0;160.0;160000.0;29.0;1.4522930108227257;1.066704593941118;29.0;708.9005533532687;0.0;0.0;0.0;0.0;0.0;0.0;0.0;0.0;37364.0;370.0;29.0;160.0;160000.0;29.0
1;0.0;1.2924300118291334;1.0;40269.0;15.083333333333334;1.236111111111111;1.0;397.0;6.0;152.0;152000.0;27.0;1.2460760357507874;1.03962531903502;27.0;686.8881068233222;0.0;0.0;0.0;0.0;0.0;0.0;0.0;0.0;40269.0;397.0;27.0;152.0;152000.0;27.0
1;1.0;4.376331361127318;1.0;48130.0;169.0;1.567045454545454;1.0;482.0;9.0;140.0;140000.0;25.0;1.174811556843067;1.0151081936149697;25.0;661.6115283312085;5.0;0.0;0.0;0.0;0.0;0.0;0.0;0.0;48130.0;482.0;25.0;140.0;140000.0;25.0
1;1.0;1.6593400222351637;1.0;44891.0;19.583333333333332;1.4193181818181813;1.0;446.0;9.0;148.0;148000.0;27.0;1.7855344901839545;1.0226953134987258;27.0;682.7295223366187;4.0;0.0;0.0;0.0;0.0;0.0;0.0;0.0;44891.0;446.0;27.0;148.0;148000.0;27.0
1;1.0;1.1195160236210513;1.0;38672.0;6.825581395348837;1.1949494949494948;1.0;387.0;7.0;160.0;160000.0;28.0;1.619476758006194;1.1305524256002293;28.0;693.9296998739253;2.0;0.0;0.0;0.0;0.0;0.0;0.0;0.0;38672.0;387.0;28.0;160.0;160000.0;28.0
1;1.0;1.1049317524694962;1.0;38628.0;6.72093023255814;1.2042929292929292;1.0;389.0;7.0;160.0;160000.0;28.0;1.6144709265516586;1.0229132569558101;28.0;694.1107953893018;2.0;0.0;0.0;0.0;0.0;0.0;0.0;0.0;38628.0;389.0;28.0;160.0;160000.0;28.0
1;0.0;2.032204236194531;1.0;48612.0;19.923076923076923;1.6545454545454548;1.0;508.0;7.0;144.0;144000.0;26.0;1.4972644120418377;1.0208120900447002;26.0;671.4055781799;0.0;0.0;0.0;0.0;0.0;0.0;0.0;0.0;48612.0;508.0;26.0;144.0;144000.0;26.0
1;0.0;1.923034126794908;1.0;47469.0;19.923076923076923;1.6121212121212123;1.0;499.0;7.0;148.0;148000.0;26.0;1.1652514032628383;1.040028982140969;26.0;674.9470425442739;0.0;0.0;0.0;0.0;0.0;0.0;0.0;0.0;47469.0;499.0;26.0;148.0;148000.0;26.0
2;0.0;1.0;1.0;36250.0;1.0;1.0598484848484846;1.0;360.0;1.5;176.0;176000.0;31.0;2.0526384669551963;1.3368179721808178;31.0;724.7116511573174;0.0;0.0;0.0;0.0;0.0;0.0;0.0;0.0;36250.0;360.0;31.0;176.0;176000.0;31.0
2;1.0;1.4753835295679871;1.0;45391.0;6.823529411764706;1.6181818181818182;1.0;487.0;9.0;144.0;144000.0;26.0;1.2204518092800216;1.0086661231077003;26.0;674.5145533843423;3.0;0.0;0.0;0.0;0.0;0.0;0.0;0.0;45391.0;487.0;26.0;144.0;144000.0;26.0
2;0.0;2.1507256623401267;1.0;49876.0;19.923076923076923;1.6936868686868685;1.0;516.0;8.0;140.0;140000.0;25.0;1.4444136898916369;1.0123347363542903;25.0;658.5758672269204;0.0;0.0;0.0;0.0;0.0;0.0;0.0;0.0;49876.0;516.0;25.0;140.0;140000.0;25.0
2;1.0;8.456147440251573;1.0;45720.0;519.0;1.525378787878788;1.0;476.0;9.0;140.0;140000.0;25.0;1.1170632912860399;1.0177944394497125;25.0;663.5747741151342;3.0;0.0;0.0;0.0;0.0;0.0;0.0;0.0;45720.0;476.0;25.0;140.0;140000.0;25.0
2;0.0;1.021772345301757;1.0;36592.0;3.8739495798319328;1.071212121212121;1.0;363.0;3.0;168.0;168000.0;30.0;1.6005296290392894;1.0774056072976275;30.0;715.0151508880871;0.0;0.0;0.0;0.0;0.0;0.0;0.0;0.0;36592.0;363.0;30.0;168.0;168000.0;30.0
2;1.0;1.1575844860003055;1.0;38826.0;6.72093023255814;1.1936868686868685;1.0;385.0;7.0;156.0;156000.0;28.0;1.5621455816607905;1.0609229086262464;28.0;694.4214998387178;1.0;0.0;0.0;0.0;0.0;0.0;0.0;0.0;38826.0;385.0;28.0;156.0;156000.0;28.0
2;0.0;1.068342865459621;1.0;37364.0;5.571428571428571;1.1103535353535354;1.0;370.0;5.0;160.0;160000.0;29.0;1.4522930108227257;1.066704593941118;29.0;708.9005533532687;0.0;0.0;0.0;0.0;0.0;0.0;0.0;0.0;37364.0;370.0;29.0;160.0;160000.0;29.0
2;0.0;1.2924300118291334;1.0;40269.0;15.083333333333334;1.236111111111111;1.0;397.0;6.0;152.0;152000.0;27.0;1.2460760357507874;1.03962531903502;27.0;686.8881068233222;0.0;0.0;0.0;0.0;0.0;0.0;0.0;0.0;40269.0;397.0;27.0;152.0;152000.0;27.0
2;1.0;1.1049317524694962;1.0;38628.0;6.72093023255814;1.2042929292929292;1.0;389.0;7.0;160.0;160000.0;28.0;1.6144709265516586;1.0229132569558101;28.0;694.1107953893018;2.0;0.0;0.0;0.0;0.0;0.0;0.0;0.0;38628.0;389.0;28.0;160.0;160000.0;28.0
2;0.0;6.970545872003198;1.0;46470.0;541.0;1.583207070707071;1.0;475.0;8.0;144.0;144000.0;26.0;1.1879262270321531;1.0102523778815344;26.0;676.1967221000897;0.0;0.0;0.0;0.0;0.0;0.0;0.0;0.0;46470.0;475.0;26.0;144.0;144000.0;26.0
2;1.0;1.1195160236210513;1.0;38672.0;6.825581395348837;1.1949494949494948;1.0;387.0;7.0;160.0;160000.0;28.0;1.619476758006194;1.1305524256002293;28.0;693.9296998739253;2.0;0.0;0.0;0.0;0.0;0.0;0.0;0.0;38672.0;387.0;28.0;160.0;160000.0;28.0
2;1.0;1.5098876881506804;1.0;42203.0;19.52173913043478;1.3599747474747472;1.0;431.0;9.0;148.0;148000.0;26.0;1.2169815917889824;1.014124500684534;26.0;672.6920100482331;3.0;0.0;0.0;0.0;0.0;0.0;0.0;0.0;42203.0;431.0;26.0;148.0;148000.0;26.0
2;0.0;4.537207685605915;1.0;47014.0;262.0;1.6453282828282831;1.0;487.0;8.0;144.0;144000.0;25.0;1.1427597653811936;1.041395469929706;25.0;660.7208792762608;0.0;0.0;0.0;0.0;0.0;0.0;0.0;0.0;47014.0;487.0;25.0;144.0;144000.0;25.0
3;0.0;1.0;1.0;36250.0;1.0;1.0598484848484846;1.0;360.0;1.5;176.0;176000.0;31.0;2.0526384669551963;1.3368179721808178;31.0;724.7116511573174;0.0;0.0;0.0;0.0;0.0;0.0;0.0;0.0;36250.0;360.0;31.0;176.0;176000.0;31.0
3;1.0;1.4753835295679871;1.0;45391.0;6.823529411764706;1.6181818181818182;1.0;487.0;9.0;144.0;144000.0;26.0;1.2204518092800216;1.0086661231077003;26.0;674.5145533843423;3.0;0.0;0.0;0.0;0.0;0.0;0.0;0.0;45391.0;487.0;26.0;144.0;144000.0;26.0
3;0.0;2.1507256623401267;1.0;49876.0;19.923076923076923;1.6936868686868685;1.0;516.0;8.0;140.0;140000.0;25.0;1.4444136898916369;1.0123347363542903;25.0;658.5758672269204;0.0;0.0;0.0;0.0;0.0;0.0;0.0;0.0;49876.0;516.0;25.0;140.0;140000.0;25.0
3;1.0;8.456147440251573;1.0;45720.0;519.0;1.525378787878788;1.0;476.0;9.0;140.0;140000.0;25.0;1.1170632912860399;1.0177944394497125;25.0;663.5747741151342;3.0;0.0;0.0;0.0;0.0;0.0;0.0;0.0;45720.0;476.0;25.0;140.0;140000.0;25.0
3;0.0;1.021772345301757;1.0;36592.0;3.8739495798319328;1.071212121212121;1.0;363.0;3.0;168.0;168000.0;30.0;1.6005296290392894;1.0774056072976275;30.0;715.0151508880871;0.0;0.0;0.0;0.0;0.0;0.0;0.0;0.0;36592.0;363.0;30.0;168.0;168000.0;30.0
3;1.0;1.1575844860003055;1.0;38826.0;6.72093023255814;1.1936868686868685;1.0;385.0;7.0;156.0;156000.0;28.0;1.5621455816607905;1.0609229086262464;28.0;694.4214998387178;1.0;0.0;0.0;0.0;0.0;0.0;0.0;0.0;38826.0;385.0;28.0;156.0;156000.0;28.0
3;0.0;1.068342865459621;1.0;37364.0;5.571428571428571;1.1103535353535354;1.0;370.0;5.0;160.0;160000.0;29.0;1.4522930108227257;1.066704593941118;29.0;708.9005533532687;0.0;0.0;0.0;0.0;0.0;0.0;0.0;0.0;37364.0;370.0;29.0;160.0;160000.0;29.0
3;0.0;1.2924300118291334;1.0;40269.0;15.083333333333334;1.236111111111111;1.0;397.0;6.0;152.0;152000.0;27.0;1.2460760357507874;1.03962531903502;27.0;686.8881068233222;0.0;0.0;0.0;0.0;0.0;0.0;0.0;0.0;40269.0;397.0;27.0;152.0;152000.0;27.0
3;1.0;1.1049317524694962;1.0;38628.0;6.72093023255814;1.2042929292929292;1.0;389.0;7.0;160.0;160000.0;28.0;1.6144709265516586;1.0229132569558101;28.0;694.1107953893018;2.0;0.0;0.0;0.0;0.0;0.0;0.0;0.0;38628.0;389.0;28.0;160.0;160000.0;28.0
3;0.0;6.970545872003198;1.0;46470.0;541.0;1.583207070707071;1.0;475.0;8.0;144.0;144000.0;26.0;1.1879262270321531;1.0102523778815344;26.0;676.1967221000897;0.0;0.0;0.0;0.0;0.0;0.0;0.0;0.0;46470.0;475.0;26.0;144.0;144000.0;26.0
3;1.0;1.1195160236210513;1.0;38672.0;6.825581395348837;1.1949494949494948;1.0;387.0;7.0;160.0;160000.0;28.0;1.619476758006194;1.1305524256002293;28.0;693.9296998739253;2.0;0.0;0.0;0.0;0.0;0.0;0.0;0.0;38672.0;387.0;28.0;160.0;160000.0;28.0
3;1.0;1.5098876881506804;1.0;42203.0;19.52173913043478;1.3599747474747472;1.0;431.0;9.0;148.0;148000.0;26.0;1.2169815917889824;1.014124500684534;26.0;672.6920100482331;3.0;0.0;0.0;0.0;0.0;0.0;0.0;0.0;42203.0;431.0;26.0;148.0;148000.0;26.0
3;0.0;4.537207685605915;1.0;47014.0;262.0;1.6453282828282831;1.0;487.0;8.0;144.0;144000.0;25.0;1.1427597653811936;1.041395469929706;25.0;660.7208792762608;0.0;0.0;0.0;0.0;0.0;0.0;0.0;0.0;47014.0;487.0;25.0;144.0;144000.0;25.0
3;1.0;2.137612470549153;1.0;52157.0;19.923076923076923;1.696338383838384;1.0;522.0;7.0;136.0;136000.0;24.0;1.0471091964118189;1.0055253618634397;24.0;650.7157667624299;2.0;0.0;0.0;0.0;0.0;0.0;0.0;0.0;52157.0;522.0;24.0;136.0;136000.0;24.0
4;0.0;1.0;1.0;36250.0;1.0;1.0598484848484846;1.0;360.0;1.5;176.0;176000.0;31.0;2.0526384669551963;1.3368179721808178;31.0;724.7116511573174;0.0;0.0;0.0;0.0;0.0;0.0;0.0;0.0;36250.0;360.0;31.0;176.0;176000.0;31.0
4;1.0;1.4753835295679871;1.0;45391.0;6.823529411764706;1.6181818181818182;1.0;487.0;9.0;144.0;144000.0;26.0;1.2204518092800216;1.0086661231077003;26.0;674.5145533843423;3.0;0.0;0.0;0.0;0.0;0.0;0.0;0.0;45391.0;487.0;26.0;144.0;144000.0;26.0
4;0.0;2.1507256623401267;1.0;49876.0;19.923076923076923;1.6936868686868685;1.0;516.0;8.0;140.0;140000.0;25.0;1.4444136898916369;1.0123347363542903;25.0;658.5758672269204;0.0;0.0;0.0;0.0;0.0;0.0;0.0;0.0;49876.0;516.0;25.0;140.0;140000.0;25.0
4;1.0;8.456147440251573;1.0;45720.0;519.0;1.525378787878788;1.0;476.0;9.0;140.0;140000.0;25.0;1.1170632912860399;1.0177944394497125;25.0;663.5747741151342;3.0;0.0;0.0;0.0;0.0;0.0;0.0;0.0;45720.0;476.0;25.0;140.0;140000.0;25.0
4;0.0;1.021772345301757;1.0;36592.0;3.8739495798319328;1.071212121212121;1.0;363.0;3.0;168.0;168000.0;30.0;1.6005296290392894;1.0774056072976275;30.0;715.0151508880871;0.0;0.0;0.0;0.0;0.0;0.0;0.0;0.0;36592.0;363.0;30.0;168.0;168000.0;30.0
4;1.0;1.1575844860003055;1.0;38826.0;6.72093023255814;1.1936868686868685;1.0;385.0;7.0;156.0;156000.0;28.0;1.5621455816607905;1.0609229086262464;28.0;694.4214998387178;1.0;0.0;0.0;0.0;0.0;0.0;0.0;0.0;38826.0;385.0;28.0;156.0;156000.0;28.0
4;0.0;1.068342865459621;1.0;37364.0;5.571428571428571;1.1103535353535354;1.0;370.0;5.0;160.0;160000.0;29.0;1.4522930108227257;1.066704593941118;29.0;708.9005533532687;0.0;0.0;0.0;0.0;0.0;0.0;0.0;0.0;37364.0;370.0;29.0;160.0;160000.0;29.0
4;0.0;1.2924300118291334;1.0;40269.0;15.083333333333334;1.236111111111111;1.0;397.0;6.0;152.0;152000.0;27.0;1.2460760357507874;1.03962531903502;27.0;686.8881068233222;0.0;0.0;0.0;0.0;0.0;0.0;0.0;0.0;40269.0;397.0;27.0;152.0;152000.0;27.0
4;1.0;1.1049317524694962;1.0;38628.0;6.72093023255814;1.2042929292929292;1.0;389.0;7.0;160.0;160000.0;28.0;1.6144709265516586;1.0229132569558101;28.0;694.1107953893018;2.0;0.0;0.0;0.0;0.0;0.0;0.0;0.0;38628.0;389.0;28.0;160.0;160000.0;28.0
4;0.0;6.970545872003198;1.0;46470.0;541.0;1.583207070707071;1.0;475.0;8.0;144.0;144000.0;26.0;1.1879262270321531;1.0102523778815344;26.0;676.1967221000897;0.0;0.0;0.0;0.0;0.0;0.0;0.0;0.0;46470.0;475.0;26.0;144.0;144000.0;26.0
4;1.0;1.1195160236210513;1.0;38672.0;6.825581395348837;1.1949494949494948;1.0;387.0;7.0;160.0;160000.0;28.0;1.619476758006194;1.1305524256002293;28.0;693.9296998739253;2.0;0.0;0.0;0.0;0.0;0.0;0.0;0.0;38672.0;387.0;28.0;160.0;160000.0;28.0
4;1.0;1.5098876881506804;1.0;42203.0;19.52173913043478;1.3599747474747472;1.0;431.0;9.0;148.0;148000.0;26.0;1.2169815917889824;1.014124500684534;26.0;672.6920100482331;3.0;0.0;0.0;0.0;0.0;0.0;0.0;0.0;42203.0;431.0;26.0;148.0;148000.0;26.0
4;0.0;4.537207685605915;1.0;47014.0;262.0;1.6453282828282831;1.0;487.0;8.0;144.0;144000.0;25.0;1.1427597653811936;1.041395469929706;25.0;660.7208792762608;0.0;0.0;0.0;0.0;0.0;0.0;0.0;0.0;47014.0;487.0;25.0;144.0;144000.0;25.0
4;1.0;2.137612470549153;1.0;52157.0;19.923076923076923;1.696338383838384;1.0;522.0;7.0;136.0;136000.0;24.0;1.0471091964118189;1.0055253618634397;24.0;650.7157667624299;2.0;0.0;0.0;0.0;0.0;0.0;0.0;0.0;52157.0;522.0;24.0;136.0;136000.0;24.0
5;0.0;1.0;1.0;36250.0;1.0;1.0598484848484846;1.0;360.0;1.5;176.0;176000.0;31.0;2.0526384669551963;1.3368179721808178;31.0;724.7116511573174;0.0;0.0;0.0;0.0;0.0;0.0;0.0;0.0;36250.0;360.0;31.0;176.0;176000.0;31.0
5;1.0;1.4753835295679871;1.0;45391.0;6.823529411764706;1.6181818181818182;1.0;487.0;9.0;144.0;144000.0;26.0;1.2204518092800216;1.0086661231077003;26.0;674.5145533843423;3.0;0.0;0.0;0.0;0.0;0.0;0.0;0.0;45391.0;487.0;26.0;144.0;144000.0;26.0
5;0.0;2.1507256623401267;1.0;49876.0;19.923076923076923;1.6936868686868685;1.0;516.0;8.0;140.0;140000.0;25.0;1.4444136898916369;1.0123347363542903;25.0;658.5758672269204;0.0;0.0;0.0;0.0;0.0;0.0;0.0;0.0;49876.0;516.0;25.0;140.0;140000.0;25.0
5;1.0;8.456147440251573;1.0;45720.0;519.0;1.525378787878788;1.0;476.0;9.0;140.0;140000.0;25.0;1.1170632912860399;1.0177944394497125;25.0;663.5747741151342;3.0;0.0;0.0;0.0;0.0;0.0;0.0;0.0;45720.0;476.0;25.0;140.0;140000.0;25.0
5;0.0;1.021772345301757;1.0;36592.0;3.8739495798319328;1.071212121212121;1.0;363.0;3.0;168.0;168000.0;30.0;1.6005296290392894;1.0774056072976275;30.0;715.0151508880871;0.0;0.0;0.0;0.0;0.0;0.0;0.0;0.0;36592.0;363.0;30.0;168.0;168000.0;30.0
5;1.0;1.1575844860003055;1.0;38826.0;6.72093023255814;1.1936868686868685;1.0;385.0;7.0;156.0;156000.0;28.0;1.5621455816607905;1.0609229086262464;28.0;694.4214998387178;1.0;0.0;0.0;0.0;0.0;0.0;0.0;0.0;38826.0;385.0;28.0;156.0;156000.0;28.0
5;0.0;1.068342865459621;1.0;37364.0;5.571428571428571;1.1103535353535354;1.0;370.0;5.0;160.0;160000.0;29.0;1.4522930108227257;1.066704593941118;29.0;708.9005533532687;0.0;0.0;0.0;0.0;0.0;0.0;0.0;0.0;37364.0;370.0;29.0;160.0;160000.0;29.0
5;0.0;1.2924300118291334;1.0;40269.0;15.083333333333334;1.236111111111111;1.0;397.0;6.0;152.0;152000.0;27.0;1.2460760357507874;1.03962531903502;27.0;686.8881068233222;0.0;0.0;0.0;0.0;0.0;0.0;0.0;0.0;40269.0;397.0;27.0;152.0;152000.0;27.0
5;1.0;1.1049317524694962;1.0;38628.0;6.72093023255814;1.2042929292929292;1.0;389.0;7.0;160.0;160000.0;28.0;1.6144709265516586;1.0229132569558101;28.0;694.1107953893018;2.0;0.0;0.0;0.0;0.0;0.0;0.0;0.0;38628.0;389.0;28.0;160.0;160000.0;28.0
5;0.0;6.970545872003198;1.0;46470.0;541.0;1.583207070707071;1.0;475.0;8.0;144.0;144000.0;26.0;1.1879262270321531;1.0102523778815344;26.0;676.1967221000897;0.0;0.0;0.0;0.0;0.0;0.0;0.0;0.0;46470.0;475.0;26.0;144.0;144000.0;26.0
5;1.0;1.1195160236210513;1.0;38672.0;6.825581395348837;1.1949494949494948;1.0;387.0;7.0;160.0;160000.0;28.0;1.619476758006194;1.1305524256002293;28.0;693.9296998739253;2.0;0.0;0.0;0.0;0.0;0.0;0.0;0.0;38672.0;387.0;28.0;160.0;160000.0;28.0
5;1.0;1.5098876881506804;1.0;42203.0;19.52173913043478;1.3599747474747472;1.0;431.0;9.0;148.0;148000.0;26.0;1.2169815917889824;1.014124500684534;26.0;672.6920100482331;3.0;0.0;0.0;0.0;0.0;0.0;0.0;0.0;42203.0;431.0;26.0;148.0;148000.0;26.0
5;0.0;4.537207685605915;1.0;47014.0;262.0;1.6453282828282831;1.0;487.0;8.0;144.0;144000.0;25.0;1.1427597653811936;1.041395469929706;25.0;660.7208792762608;0.0;0.0;0.0;0.0;0.0;0.0;0.0;0.0;47014.0;487.0;25.0;144.0;144000.0;25.0
5;1.0;2.137612470549153;1.0;52157.0;19.923076923076923;1.696338383838384;1.0;522.0;7.0;136.0;136000.0;24.0;1.0471091964118189;1.0055253618634397;24.0;650.7157667624299;2.0;0.0;0.0;0.0;0.0;0.0;0.0;0.0;52157.0;522.0;24.0;136.0;136000.0;24.0
5;0.0;6.9682756006840005;1.2533333333333334;54575.0;403.0;1.938131313131313;1.3333333333333333;548.0;7.0;136.0;136000.0;24.0;1.0442671033137394;1.0141079315071502;24.0;650.9121271483168;0.0;0.0;0.0;0.0;0.0;0.0;0.0;0.0;54575.0;548.0;24.0;136.0;136000.0;24.0
6;0.0;1.0;1.0;36250.0;1.0;1.0598484848484846;1.0;360.0;1.5;176.0;176000.0;31.0;2.0526384669551963;1.3368179721808178;31.0;724.7116511573174;0.0;0.0;0.0;0.0;0.0;0.0;0.0;0.0;36250.0;360.0;31.0;176.0;176000.0;31.0
6;1.0;1.4753835295679871;1.0;45391.0;6.823529411764706;1.6181818181818182;1.0;487.0;9.0;144.0;144000.0;26.0;1.2204518092800216;1.0086661231077003;26.0;674.5145533843423;3.0;0.0;0.0;0.0;0.0;0.0;0.0;0.0;45391.0;487.0;26.0;144.0;144000.0;26.0
6;0.0;2.1507256623401267;1.0;49876.0;19.923076923076923;1.6936868686868685;1.0;516.0;8.0;140.0;140000.0;25.0;1.4444136898916369;1.0123347363542903;25.0;658.5758672269204;0.0;0.0;0.0;0.0;0.0;0.0;0.0;0.0;49876.0;516.0;25.0;140.0;140000.0;25.0
6;1.0;8.456147440251573;1.0;45720.0;519.0;1.525378787878788;1.0;476.0;9.0;140.0;140000.0;25.0;1.1170632912860399;1.0177944394497125;25.0;663.5747741151342;3.0;0.0;0.0;0.0;0.0;0.0;0.0;0.0;45720.0;476.0;25.0;140.0;140000.0;25.0
6;0.0;1.021772345301757;1.0;36592.0;3.8739495798319328;1.071212121212121;1.0;363.0;3.0;168.0;168000.0;30.0;1.6005296290392894;1.0774056072976275;30.0;715.0151508880871;0.0;0.0;0.0;0.0;0.0;0.0;0.0;0.0;36592.0;363.0;30.0;168.0;168000.0;30.0
6;1.0;1.1575844860003055;1.0;38826.0;6.72093023255814;1.1936868686868685;1.0;385.0;7.0;156.0;156000.0;28.0;1.5621455816607905;1.0609229086262464;28.0;694.4214998387178;1.0;0.0;0.0;0.0;0.0;0.0;0.0;0.0;38826.0;385.0;28.0;156.0;156000.0;28.0
6;0.0;1.068342865459621;1.0;37364.0;5.571428571428571;1.1103535353535354;1.0;370.0;5.0;160.0;160000.0;29.0;1.4522930108227257;1.066704593941118;29.0;708.9005533532687;0.0;0.0;0.0;0.0;0.0;0.0;0.0;0.0;37364.0;370.0;29.0;160.0;160000.0;29.0
6;0.0;1.2924300118291334;1.0;40269.0;15.083333333333334;1.236111111111111;1.0;397.0;6.0;152.0;152000.0;27.0;1.2460760357507874;1.03962531903502;27.0;686.8881068233222;0.0;0.0;0.0;0.0;0.0;0.0;0.0;0.0;40269.0;397.0;27.0;152.0;152000.0;27.0
6;1.0;1.1049317524694962;1.0;38628.0;6.72093023255814;1.2042929292929292;1.0;389.0;7.0;160.0;160000.0;28.0;1.6144709265516586;1.0229132569558101;28.0;694.1107953893018;2.0;0.0;0.0;0.0;0.0;0.0;0.0;0.0;38628.0;389.0;28.0;160.0;160000.0;28.0
6;0.0;6.970545872003198;1.0;46470.0;541.0;1.583207070707071;1.0;475.0;8.0;144.0;144000.0;26.0;1.1879262270321531;1.0102523778815344;26.0;676.1967221000897;0.0;0.0;0.0;0.0;0.0;0.0;0.0;0.0;46470.0;475.0;26.0;144.0;144000.0;26.0
6;1.0;1.1195160236210513;1.0;38672.0;6.825581395348837;1.1949494949494948;1.0;387.0;7.0;160.0;160000.0;28.0;1.619476758006194;1.1305524256002293;28.0;693.9296998739253;2.0;0.0;0.0;0.0;0.0;0.0;0.0;0.0;38672.0;387.0;28.0;160.0;160000.0;28.0
6;1.0;1.5098876881506804;1.0;42203.0;19.52173913043478;1.3599747474747472;1.0;431.0;9.0;148.0;148000.0;26.0;1.2169815917889824;1.014124500684534;26.0;672.6920100482331;3.0;0.0;0.0;0.0;0.0;0.0;0.0;0.0;42203.0;431.0;26.0;148.0;148000.0;26.0
6;0.0;4.537207685605915;1.0;47014.0;262.0;1.6453282828282831;1.0;487.0;8.0;144.0;144000.0;25.0;1.1427597653811936;1.041395469929706;25.0;660.7208792762608;0.0;0.0;0.0;0.0;0.0;0.0;0.0;0.0;47014.0;487.0;25.0;144.0;144000.0;25.0
6;1.0;2.137612470549153;1.0;52157.0;19.923076923076923;1.696338383838384;1.0;522.0;7.0;136.0;136000.0;24.0;1.0471091964118189;1.0055253618634397;24.0;650.7157667624299;2.0;0.0;0.0;0.0;0.0;0.0;0.0;0.0;52157.0;522.0;24.0;136.0;136000.0;24.0
6;0.0;6.9682756006840005;1.2533333333333334;54575.0;403.0;1.938131313131313;1.3333333333333333;548.0;7.0;136.0;136000.0;24.0;1.0442671033137394;1.0141079315071502;24.0;650.9121271483168;0.0;0.0;0.0;0.0;0.0;0.0;0.0;0.0;54575.0;548.0;24.0;136.0;136000.0;24.0
7;0.0;1.0;1.0;36250.0;1.0;1.0598484848484846;1.0;360.0;1.5;176.0;176000.0;31.0;2.0526384669551963;1.3368179721808178;31.0;724.7116511573174;0.0;0.0;0.0;0.0;0.0;0.0;0.0;0.0;36250.0;360.0;31.0;176.0;176000.0;31.0
7;1.0;1.4753835295679871;1.0;45391.0;6.823529411764706;1.6181818181818182;1.0;487.0;9.0;144.0;144000.0;26.0;1.2204518092800216;1.0086661231077003;26.0;674.5145533843423;3.0;0.0;0.0;0.0;0.0;0.0;0.0;0.0;45391.0;487.0;26.0;144.0;144000.0;26.0
7;0.0;6.9682756006840005;1.2533333333333334;54575.0;403.0;1.938131313131313;1.3333333333333333;548.0;7.0;136.0;136000.0;24.0;1.0442671033137394;1.0141079315071502;24.0;650.9121271483168;0.0;0.0;0.0;0.0;0.0;0.0;0.0;0.0;54575.0;548.0;24.0;136.0;136000.0;24.0
7;1.0;8.456147440251573;1.0;45720.0;519.0;1.525378787878788;1.0;476.0;9.0;140.0;140000.0;25.0;1.1170632912860399;1.0177944394497125;25.0;663.5747741151342;3.0;0.0;0.0;0.0;0.0;0.0;0.0;0.0;45720.0;476.0;25.0;140.0;140000.0;25.0
7;0.0;1.021772345301757;1.0;36592.0;3.8739495798319328;1.071212121212121;1.0;363.0;3.0;168.0;168000.0;30.0;1.6005296290392894;1.0774056072976275;30.0;715.0151508880871;0.0;0.0;0.0;0.0;0.0;0.0;0.0;0.0;36592.0;363.0;30.0;168.0;168000.0;30.0
7;1.0;1.1575844860003055;1.0;38826.0;6.72093023255814;1.1936868686868685;1.0;385.0;7.0;156.0;156000.0;28.0;1.5621455816607905;1.0609229086262464;28.0;694.4214998387178;1.0;0.0;0.0;0.0;0.0;0.0;0.0;0.0;38826.0;385.0;28.0;156.0;156000.0;28.0
7;0.0;1.068342865459621;1.0;37364.0;5.571428571428571;1.1103535353535354;1.0;370.0;5.0;160.0;160000.0;29.0;1.4522930108227257;1.066704593941118;29.0;708.9005533532687;0.0;0.0;0.0;0.0;0.0;0.0;0.0;0.0;37364.0;370.0;29.0;160.0;160000.0;29.0
7;0.0;1.2924300118291334;1.0;40269.0;15.083333333333334;1.236111111111111;1.0;397.0;6.0;152.0;152000.0;27.0;1.2460760357507874;1.03962531903502;27.0;686.8881068233222;0.0;0.0;0.0;0.0;0.0;0.0;0.0;0.0;40269.0;397.0;27.0;152.0;152000.0;27.0
7;1.0;1.1049317524694962;1.0;38628.0;6.72093023255814;1.2042929292929292;1.0;389.0;7.0;160.0;160000.0;28.0;1.6144709265516586;1.0229132569558101;28.0;694.1107953893018;2.0;0.0;0.0;0.0;0.0;0.0;0.0;0.0;38628.0;389.0;28.0;160.0;160000.0;28.0
7;0.0;6.970545872003198;1.0;46470.0;541.0;1.583207070707071;1.0;475.0;8.0;144.0;144000.0;26.0;1.1879262270321531;1.0102523778815344;26.0;676.1967221000897;0.0;0.0;0.0;0.0;0.0;0.0;0.0;0.0;46470.0;475.0;26.0;144.0;144000.0;26.0
7;1.0;1.1195160236210513;1.0;38672.0;6.825581395348837;1.1949494949494948;1.0;387.0;7.0;160.0;160000.0;28.0;1.619476758006194;1.1305524256002293;28.0;693.9296998739253;2.0;0.0;0.0;0.0;0.0;0.0;0.0;0.0;38672.0;387.0;28.0;160.0;160000.0;28.0
7;1.0;1.5098876881506804;1.0;42203.0;19.52173913043478;1.3599747474747472;1.0;431.0;9.0;148.0;148000.0;26.0;1.2169815917889824;1.014124500684534;26.0;672.6920100482331;3.0;0.0;0.0;0.0;0.0;0.0;0.0;0.0;42203.0;431.0;26.0;148.0;148000.0;26.0
7;0.0;4.537207685605915;1.0;47014.0;262.0;1.6453282828282831;1.0;487.0;8.0;144.0;144000.0;25.0;1.1427597653811936;1.041395469929706;25.0;660.7208792762608;0.0;0.0;0.0;0.0;0.0;0.0;0.0;0.0;47014.0;487.0;25.0;144.0;144000.0;25.0
7;1.0;2.137612470549153;1.0;52157.0;19.923076923076923;1.696338383838384;1.0;522.0;7.0;136.0;136000.0;24.0;1.0471091964118189;1.0055253618634397;24.0;650.7157667624299;2.0;0.0;0.0;0.0;0.0;0.0;0.0;0.0;52157.0;522.0;24.0;136.0;136000.0;24.0
7;0.0;3.992404459783593;1.167123287671233;49607.0;169.0;1.76780303030303;1.25;511.0;7.0;140.0;140000.0;25.0;1.1228286808459051;1.0068330402330483;25.0;663.3001510234023;0.0;0.0;0.0;0.0;0.0;0.0;0.0;0.0;49607.0;511.0;25.0;140.0;140000.0;25.0
8;0.0;1.0;1.0;36250.0;1.0;1.0598484848484846;1.0;360.0;1.5;176.0;176000.0;31.0;2.0526384669551963;1.3368179721808178;31.0;724.7116511573174;0.0;0.0;0.0;0.0;0.0;0.0;0.0;0.0;36250.0;360.0;31.0;176.0;176000.0;31.0
8;1.0;1.4753835295679871;1.0;45391.0;6.823529411764706;1.6181818181818182;1.0;487.0;9.0;144.0;144000.0;26.0;1.2204518092800216;1.0086661231077003;26.0;674.5145533843423;3.0;0.0;0.0;0.0;0.0;0.0;0.0;0.0;45391.0;487.0;26.0;144.0;144000.0;26.0
8;0.0;6.9682756006840005;1.2533333333333334;54575.0;403.0;1.938131313131313;1.3333333333333333;548.0;7.0;136.0;136000.0;24.0;1.0442671033137394;1.0141079315071502;24.0;650.9121271483168;0.0;0.0;0.0;0.0;0.0;0.0;0.0;0.0;54575.0;548.0;24.0;136.0;136000.0;24.0
8;1.0;8.456147440251573;1.0;45720.0;519.0;1.525378787878788;1.0;476.0;9.0;140.0;140000.0;25.0;1.1170632912860399;1.0177944394497125;25.0;663.5747741151342;3.0;0.0;0.0;0.0;0.0;0.0;0.0;0.0;45720.0;476.0;25.0;140.0;140000.0;25.0
8;0.0;1.021772345301757;1.0;36592.0;3.8739495798319328;1.071212121212121;1.0;363.0;3.0;168.0;168000.0;30.0;1.6005296290392894;1.0774056072976275;30.0;715.0151508880871;0.0;0.0;0.0;0.0;0.0;0.0;0.0;0.0;36592.0;363.0;30.0;168.0;168000.0;30.0
8;1.0;1.1575844860003055;1.0;38826.0;6.72093023255814;1.1936868686868685;1.0;385.0;7.0;156.0;156000.0;28.0;1.5621455816607905;1.0609229086262464;28.0;694.4214998387178;1.0;0.0;0.0;0.0;0.0;0.0;0.0;0.0;38826.0;385.0;28.0;156.0;156000.0;28.0
8;0.0;1.068342865459621;1.0;37364.0;5.571428571428571;1.1103535353535354;1.0;370.0;5.0;160.0;160000.0;29.0;1.4522930108227257;1.066704593941118;29.0;708.9005533532687;0.0;0.0;0.0;0.0;0.0;0.0;0.0;0.0;37364.0;370.0;29.0;160.0;160000.0;29.0
8;0.0;1.2924300118291334;1.0;40269.0;15.083333333333334;1.236111111111111;1.0;397.0;6.0;152.0;152000.0;27.0;1.2460760357507874;1.03962531903502;27.0;686.8881068233222;0.0;0.0;0.0;0.0;0.0;0.0;0.0;0.0;40269.0;397.0;27.0;152.0;152000.0;27.0
8;1.0;1.1049317524694962;1.0;38628.0;6.72093023255814;1.2042929292929292;1.0;389.0;7.0;160.0;160000.0;28.0;1.6144709265516586;1.0229132569558101;28.0;694.1107953893018;2.0;0.0;0.0;0.0;0.0;0.0;0.0;0.0;38628.0;389.0;28.0;160.0;160000.0;28.0
8;0.0;6.970545872003198;1.0;46470.0;541.0;1.583207070707071;1.0;475.0;8.0;144.0;144000.0;26.0;1.1879262270321531;1.0102523778815344;26.0;676.1967221000897;0.0;0.0;0.0;0.0;0.0;0.0;0.0;0.0;46470.0;475.0;26.0;144.0;144000.0;26.0
8;1.0;1.1195160236210513;1.0;38672.0;6.825581395348837;1.1949494949494948;1.0;387.0;7.0;160.0;160000.0;28.0;1.619476758006194;1.1305524256002293;28.0;693.9296998739253;2.0;0.0;0.0;0.0;0.0;0.0;0.0;0.0;38672.0;387.0;28.0;160.0;160000.0;28.0
8;1.0;1.5098876881506804;1.0;42203.0;19.52173913043478;1.3599747474747472;1.0;431.0;9.0;148.0;148000.0;26.0;1.2169815917889824;1.014124500684534;26.0;672.6920100482331;3.0;0.0;0.0;0.0;0.0;0.0;0.0;0.0;42203.0;431.0;26.0;148.0;148000.0;26.0
8;0.0;4.537207685605915;1.0;47014.0;262.0;1.6453282828282831;1.0;487.0;8.0;144.0;144000.0;25.0;1.1427597653811936;1.041395469929706;25.0;660.7208792762608;0.0;0.0;0.0;0.0;0.0;0.0;0.0;0.0;47014.0;487.0;25.0;144.0;144000.0;25.0
8;1.0;2.847027176076913;1.1145833333333333;50393.0;117.0;1.803409090909091;1.3333333333333333;519.0;8.0;136.0;136000.0;24.0;1.044818982548511;1.0068887975230538;24.0;650.8691150571519;1.0;0.0;0.0;0.0;0.0;0.0;0.0;0.0;50393.0;519.0;24.0;136.0;136000.0;24.0
8;0.0;2.7753751410321494;1.097457627118644;49061.0;117.0;1.7372474747474747;1.2;505.0;7.0;140.0;140000.0;25.0;1.1118782473966269;1.021615105373923;25.0;663.8336396266753;0.0;0.0;0.0;0.0;0.0;0.0;0.0;0.0;49061.0;505.0;25.0;140.0;140000.0;25.0
9;0.0;1.0;1.0;36250.0;1.0;1.0598484848484846;1.0;360.0;1.5;176.0;176000.0;31.0;2.0526384669551963;1.3368179721808178;31.0;724.7116511573174;0.0;0.0;0.0;0.0;0.0;0.0;0.0;0.0;36250.0;360.0;31.0;176.0;176000.0;31.0
9;1.0;1.4753835295679871;1.0;45391.0;6.823529411764706;1.6181818181818182;1.0;487.0;9.0;144.0;144000.0;26.0;1.2204518092800216;1.0086661231077003;26.0;674.5145533843423;3.0;0.0;0.0;0.0;0.0;0.0;0.0;0.0;45391.0;487.0;26.0;144.0;144000.0;26.0
9;0.0;6.9682756006840005;1.2533333333333334;54575.0;403.0;1.938131313131313;1.3333333333333333;548.0;7.0;136.0;136000.0;24.0;1.0442671033137394;1.0141079315071502;24.0;650.9121271483168;0.0;0.0;0.0;0.0;0.0;0.0;0.0;0.0;54575.0;548.0;24.0;136.0;136000.0;24.0
9;1.0;8.456147440251573;1.0;45720.0;519.0;1.525378787878788;1.0;476.0;9.0;140.0;140000.0;25.0;1.1170632912860399;1.0177944394497125;25.0;663.5747741151342;3.0;0.0;0.0;0.0;0.0;0.0;0.0;0.0;45720.0;476.0;25.0;140.0;140000.0;25.0
9;0.0;1.021772345301757;1.0;36592.0;3.8739495798319328;1.071212121212121;1.0;363.0;3.0;168.0;168000.0;30.0;1.6005296290392894;1.0774056072976275;30.0;715.0151508880871;0.0;0.0;0.0;0.0;0.0;0.0;0.0;0.0;36592.0;363.0;30.0;168.0;168000.0;30.0
9;1.0;1.1575844860003055;1.0;38826.0;6.72093023255814;1.1936868686868685;1.0;385.0;7.0;156.0;156000.0;28.0;1.5621455816607905;1.0609229086262464;28.0;694.4214998387178;1.0;0.0;0.0;0.0;0.0;0.0;0.0;0.0;38826.0;385.0;28.0;156.0;156000.0;28.0
9;0.0;1.068342865459621;1.0;37364.0;5.571428571428571;1.1103535353535354;1.0;370.0;5.0;160.0;160000.0;29.0;1.4522930108227257;1.066704593941118;29.0;708.9005533532687;0.0;0.0;0.0;0.0;0.0;0.0;0.0;0.0;37364.0;370.0;29.0;160.0;160000.0;29.0
9;0.0;1.2924300118291334;1.0;40269.0;15.083333333333334;1.236111111111111;1.0;397.0;6.0;152.0;152000.0;27.0;1.2460760357507874;1.03962531903502;27.0;686.8881068233222;0.0;0.0;0.0;0.0;0.0;0.0;0.0;0.0;40269.0;397.0;27.0;152.0;152000.0;27.0
9;1.0;1.1049317524694962;1.0;38628.0;6.72093023255814;1.2042929292929292;1.0;389.0;7.0;160.0;160000.0;28.0;1.6144709265516586;1.0229132569558101;28.0;694.1107953893018;2.0;0.0;0.0;0.0;0.0;0.0;0.0;0.0;38628.0;389.0;28.0;160.0;160000.0;28.0
9;0.0;6.970545872003198;1.0;46470.0;541.0;1.583207070707071;1.0;475.0;8.0;144.0;144000.0;26.0;1.1879262270321531;1.0102523778815344;26.0;676.1967221000897;0.0;0.0;0.0;0.0;0.0;0.0;0.0;0.0;46470.0;475.0;26.0;144.0;144000.0;26.0
9;1.0;1.1195160236210513;1.0;38672.0;6.825581395348837;1.1949494949494948;1.0;387.0;7.0;160.0;160000.0;28.0;1.619476758006194;1.1305524256002293;28.0;693.9296998739253;2.0;0.0;0.0;0.0;0.0;0.0;0.0;0.0;38672.0;387.0;28.0;160.0;160000.0;28.0
9;1.0;1.5098876881506804;1.0;42203.0;19.52173913043478;1.3599747474747472;1.0;431.0;9.0;148.0;148000.0;26.0;1.2169815917889824;1.014124500684534;26.0;672.6920100482331;3.0;0.0;0.0;0.0;0.0;0.0;0.0;0.0;42203.0;431.0;26.0;148.0;148000.0;26.0
9;0.0;4.537207685605915;1.0;47014.0;262.0;1.6453282828282831;1.0;487.0;8.0;144.0;144000.0;25.0;1.1427597653811936;1.041395469929706;25.0;660.7208792762608;0.0;0.0;0.0;0.0;0.0;0.0;0.0;0.0;47014.0;487.0;25.0;144.0;144000.0;25.0
9;1.0;2.847027176076913;1.1145833333333333;50393.0;117.0;1.803409090909091;1.3333333333333333;519.0;8.0;136.0;136000.0;24.0;1.044818982548511;1.0068887975230538;24.0;650.8691150571519;1.0;0.0;0.0;0.0;0.0;0.0;0.0;0.0;50393.0;519.0;24.0;136.0;136000.0;24.0
9;0.0;2.7753751410321494;1.097457627118644;49061.0;117.0;1.7372474747474747;1.2;505.0;7.0;140.0;140000.0;25.0;1.1118782473966269;1.021615105373923;25.0;663.8336396266753;0.0;0.0;0.0;0.0;0.0;0.0;0.0;0.0;49061.0;505.0;25.0;140.0;140000.0;25.0
9;0.0;3.002449430640759;1.2662337662337662;53228.0;117.0;1.888510101010101;1.4;555.0;7.0;136.0;136000.0;24.0;1.0441719086319983;1.0149158803887808;24.0;650.9185719139259;0.0;0.0;0.0;0.0;0.0;0.0;0.0;0.0;53228.0;555.0;24.0;136.0;136000.0;24.0
9;0.0;2.9995254998829837;1.2907801418439717;53013.0;117.0;1.8776515151515154;1.4;557.0;8.0;136.0;136000.0;24.0;1.0466642235139407;1.014727072241803;24.0;650.7503196390219;0.0;0.0;0.0;0.0;0.0;0.0;0.0;0.0;53013.0;557.0;24.0;136.0;136000.0;24.0
10;0.0;1.0;1.0;36250.0;1.0;1.0598484848484846;1.0;360.0;1.5;176.0;176000.0;31.0;2.0526384669551963;1.3368179721808178;31.0;724.7116511573174;0.0;0.0;0.0;0.0;0.0;0.0;0.0;0.0;36250.0;360.0;31.0;176.0;176000.0;31.0
10;1.0;1.4753835295679871;1.0;45391.0;6.823529411764706;1.6181818181818182;1.0;487.0;9.0;144.0;144000.0;26.0;1.2204518092800216;1.0086661231077003;26.0;674.5145533843423;3.0;0.0;0.0;0.0;0.0;0.0;0.0;0.0;45391.0;487.0;26.0;144.0;144000.0;26.0
10;0.0;3.7254857008616153;1.0517241379310345;48911.0;117.0;1.7584595959595961;1.0;499.0;7.0;140.0;140000.0;25.0;1.1129496256895839;1.0038447252978908;25.0;663.7877288921262;0.0;0.0;0.0;0.0;0.0;0.0;0.0;0.0;48911.0;499.0;25.0;140.0;140000.0;25.0
10;1.0;8.456147440251573;1.0;45720.0;519.0;1.525378787878788;1.0;476.0;9.0;140.0;140000.0;25.0;1.1170632912860399;1.0177944394497125;25.0;663.5747741151342;3.0;0.0;0.0;0.0;0.0;0.0;0.0;0.0;45720.0;476.0;25.0;140.0;140000.0;25.0
10;0.0;1.021772345301757;1.0;36592.0;3.8739495798319328;1.071212121212121;1.0;363.0;3.0;168.0;168000.0;30.0;1.6005296290392894;1.0774056072976275;30.0;715.0151508880871;0.0;0.0;0.0;0.0;0.0;0.0;0.0;0.0;36592.0;363.0;30.0;168.0;168000.0;30.0
10;1.0;1.1575844860003055;1.0;38826.0;6.72093023255814;1.1936868686868685;1.0;385.0;7.0;156.0;156000.0;28.0;1.5621455816607905;1.0609229086262464;28.0;694.4214998387178;1.0;0.0;0.0;0.0;0.0;0.0;0.0;0.0;38826.0;385.0;28.0;156.0;156000.0;28.0
10;0.0;1.068342865459621;1.0;37364.0;5.571428571428571;1.1103535353535354;1.0;370.0;5.0;160.0;160000.0;29.0;1.4522930108227257;1.066704593941118;29.0;708.9005533532687;0.0;0.0;0.0;0.0;0.0;0.0;0.0;0.0;37364.0;370.0;29.0;160.0;160000.0;29.0
10;0.0;1.2924300118291334;1.0;40269.0;15.083333333333334;1.236111111111111;1.0;397.0;6.0;152.0;152000.0;27.0;1.2460760357507874;1.03962531903502;27.0;686.8881068233222;0.0;0.0;0.0;0.0;0.0;0.0;0.0;0.0;40269.0;397.0;27.0;152.0;152000.0;27.0
10;1.0;1.1049317524694962;1.0;38628.0;6.72093023255814;1.2042929292929292;1.0;389.0;7.0;160.0;160000.0;28.0;1.6144709265516586;1.0229132569558101;28.0;694.1107953893018;2.0;0.0;0.0;0.0;0.0;0.0;0.0;0.0;38628.0;389.0;28.0;160.0;160000.0;28.0
10;0.0;6.970545872003198;1.0;46470.0;541.0;1.583207070707071;1.0;475.0;8.0;144.0;144000.0;26.0;1.1879262270321531;1.0102523778815344;26.0;676.1967221000897;0.0;0.0;0.0;0.0;0.0;0.0;0.0;0.0;46470.0;475.0;26.0;144.0;144000.0;26.0
10;1.0;1.1195160236210513;1.0;38672.0;6.825581395348837;1.1949494949494948;1.0;387.0;7.0;160.0;160000.0;28.0;1.619476758006194;1.1305524256002293;28.0;693.9296998739253;2.0;0.0;0.0;0.0;0.0;0.0;0.0;0.0;38672.0;387.0;28.0;160.0;160000.0;28.0
10;1.0;1.5098876881506804;1.0;42203.0;19.52173913043478;1.3599747474747472;1.0;431.0;9.0;148.0;148000.0;26.0;1.2169815917889824;1.014124500684534;26.0;672.6920100482331;3.0;0.0;0.0;0.0;0.0;0.0;0.0;0.0;42203.0;431.0;26.0;148.0;148000.0;26.0
10;0.0;4.537207685605915;1.0;47014.0;262.0;1.6453282828282831;1.0;487.0;8.0;144.0;144000.0;25.0;1.1427597653811936;1.041395469929706;25.0;660.7208792762608;0.0;0.0;0.0;0.0;0.0;0.0;0.0;0.0;47014.0;487.0;25.0;144.0;144000.0;25.0
10;1.0;2.847027176076913;1.1145833333333333;50393.0;117.0;1.803409090909091;1.3333333333333333;519.0;8.0;136.0;136000.0;24.0;1.044818982548511;1.0068887975230538;24.0;650.8691150571519;1.0;0.0;0.0;0.0;0.0;0.0;0.0;0.0;50393.0;519.0;24.0;136.0;136000.0;24.0
10;0.0;3.689275324162165;1.063013698630137;48589.0;117.0;1.7666666666666668;1.0;506.0;8.0;140.0;140000.0;25.0;1.233513238862637;1.0027006069681008;25.0;660.6660963122836;0.0;0.0;0.0;0.0;0.0;0.0;0.0;0.0;48589.0;506.0;25.0;140.0;140000.0;25.0
10;0.0;3.755477475046682;1.1142857142857143;49911.0;117.0;1.8064393939393941;1.25;520.0;8.0;136.0;136000.0;24.0;1.04580705085979;1.0028402664880869;24.0;650.7908505719261;0.0;0.0;0.0;0.0;0.0;0.0;0.0;0.0;49911.0;520.0;24.0;136.0;136000.0;24.0
10;0.0;3.68919114907799;1.063013698630137;48588.0;117.0;1.781818181818182;1.0;508.0;8.0;140.0;140000.0;25.0;1.2331355642997786;1.0038447252978908;25.0;660.6861968731922;0.0;0.0;0.0;0.0;0.0;0.0;0.0;0.0;48588.0;508.0;25.0;140.0;140000.0;25.0
11;0.0;1.0;1.0;36250.0;1.0;1.0598484848484846;1.0;360.0;1.5;176.0;176000.0;31.0;2.0526384669551963;1.3368179721808178;31.0;724.7116511573174;0.0;0.0;0.0;0.0;0.0;0.0;0.0;0.0;36250.0;360.0;31.0;176.0;176000.0;31.0
11;1.0;1.4753835295679871;1.0;45391.0;6.823529411764706;1.6181818181818182;1.0;487.0;9.0;144.0;144000.0;26.0;1.2204518092800216;1.0086661231077003;26.0;674.5145533843423;3.0;0.0;0.0;0.0;0.0;0.0;0.0;0.0;45391.0;487.0;26.0;144.0;144000.0;26.0
11;0.0;3.7254857008616153;1.0517241379310345;48911.0;117.0;1.7584595959595961;1.0;499.0;7.0;140.0;140000.0;25.0;1.1129496256895839;1.0038447252978908;25.0;663.7877288921262;0.0;0.0;0.0;0.0;0.0;0.0;0.0;0.0;48911.0;499.0;25.0;140.0;140000.0;25.0
11;1.0;8.456147440251573;1.0;45720.0;519.0;1.525378787878788;1.0;476.0;9.0;140.0;140000.0;25.0;1.1170632912860399;1.0177944394497125;25.0;663.5747741151342;3.0;0.0;0.0;0.0;0.0;0.0;0.0;0.0;45720.0;476.0;25.0;140.0;140000.0;25.0
11;0.0;1.021772345301757;1.0;36592.0;3.8739495798319328;1.071212121212121;1.0;363.0;3.0;168.0;168000.0;30.0;1.6005296290392894;1.0774056072976275;30.0;715.0151508880871;0.0;0.0;0.0;0.0;0.0;0.0;0.0;0.0;36592.0;363.0;30.0;168.0;168000.0;30.0
11;1.0;1.1575844860003055;1.0;38826.0;6.72093023255814;1.1936868686868685;1.0;385.0;7.0;156.0;156000.0;28.0;1.5621455816607905;1.0609229086262464;28.0;694.4214998387178;1.0;0.0;0.0;0.0;0.0;0.0;0.0;0.0;38826.0;385.0;28.0;156.0;156000.0;28.0
11;0.0;1.068342865459621;1.0;37364.0;5.571428571428571;1.1103535353535354;1.0;370.0;5.0;160.0;160000.0;29.0;1.4522930108227257;1.066704593941118;29.0;708.9005533532687;0.0;0.0;0.0;0.0;0.0;0.0;0.0;0.0;37364.0;370.0;29.0;160.0;160000.0;29.0
11;0.0;1.2924300118291334;1.0;40269.0;15.083333333333334;1.236111111111111;1.0;397.0;6.0;152.0;152000.0;27.0;1.2460760357507874;1.03962531903502;27.0;686.8881068233222;0.0;0.0;0.0;0.0;0.0;0.0;0.0;0.0;40269.0;397.0;27.0;152.0;152000.0;27.0
11;1.0;1.1049317524694962;1.0;38628.0;6.72093023255814;1.2042929292929292;1.0;389.0;7.0;160.0;160000.0;28.0;1.6144709265516586;1.0229132569558101;28.0;694.1107953893018;2.0;0.0;0.0;0.0;0.0;0.0;0.0;0.0;38628.0;389.0;28.0;160.0;160000.0;28.0
11;0.0;6.970545872003198;1.0;46470.0;541.0;1.583207070707071;1.0;475.0;8.0;144.0;144000.0;26.0;1.1879262270321531;1.0102523778815344;26.0;676.1967221000897;0.0;0.0;0.0;0.0;0.0;0.0;0.0;0.0;46470.0;475.0;26.0;144.0;144000.0;26.0
11;1.0;1.1195160236210513;1.0;38672.0;6.825581395348837;1.1949494949494948;1.0;387.0;7.0;160.0;160000.0;28.0;1.619476758006194;1.1305524256002293;28.0;693.9296998739253;2.0;0.0;0.0;0.0;0.0;0.0;0.0;0.0;38672.0;387.0;28.0;160.0;160000.0;28.0
11;1.0;1.5098876881506804;1.0;42203.0;19.52173913043478;1.3599747474747472;1.0;431.0;9.0;148.0;148000.0;26.0;1.2169815917889824;1.014124500684534;26.0;672.6920100482331;3.0;0.0;0.0;0.0;0.0;0.0;0.0;0.0;42203.0;431.0;26.0;148.0;148000.0;26.0
11;0.0;4.537207685605915;1.0;47014.0;262.0;1.6453282828282831;1.0;487.0;8.0;144.0;144000.0;25.0;1.1427597653811936;1.041395469929706;25.0;660.7208792762608;0.0;0.0;0.0;0.0;0.0;0.0;0.0;0.0;47014.0;487.0;25.0;144.0;144000.0;25.0
11;1.0;7.700367361116272;1.063013698630137;49073.0;647.0;1.812121212121212;1.0;512.0;8.0;136.0;136000.0;24.0;1.043278526588056;1.0027006069681008;24.0;650.9819494093774;1.0;0.0;0.0;0.0;0.0;0.0;0.0;0.0;49073.0;512.0;24.0;136.0;136000.0;24.0
11;0.0;7.416548051434893;1.063013698630137;49081.0;609.0;1.8121212121212122;1.0;512.0;9.0;136.0;136000.0;24.0;1.0437250308744448;1.0027006069681008;24.0;650.9475654408429;0.0;0.0;0.0;0.0;0.0;0.0;0.0;0.0;49081.0;512.0;24.0;136.0;136000.0;24.0
11;0.0;3.6462466941770146;1.063013698630137;48339.0;117.0;1.7363636363636366;1.0;502.0;7.0;140.0;140000.0;25.0;1.3190555993106405;1.0038447252978908;25.0;659.4105043939766;0.0;0.0;0.0;0.0;0.0;0.0;0.0;0.0;48339.0;502.0;25.0;140.0;140000.0;25.0
12;0.0;1.0;1.0;36250.0;1.0;1.0598484848484846;1.0;360.0;1.5;176.0;176000.0;31.0;2.0526384669551963;1.3368179721808178;31.0;724.7116511573174;0.0;0.0;0.0;0.0;0.0;0.0;0.0;0.0;36250.0;360.0;31.0;176.0;176000.0;31.0
12;1.0;1.4753835295679871;1.0;45391.0;6.823529411764706;1.6181818181818182;1.0;487.0;9.0;144.0;144000.0;26.0;1.2204518092800216;1.0086661231077003;26.0;674.5145533843423;3.0;0.0;0.0;0.0;0.0;0.0;0.0;0.0;45391.0;487.0;26.0;144.0;144000.0;26.0
12;0.0;3.7254857008616153;1.0517241379310345;48911.0;117.0;1.7584595959595961;1.0;499.0;7.0;140.0;140000.0;25.0;1.1129496256895839;1.0038447252978908;25.0;663.7877288921262;0.0;0.0;0.0;0.0;0.0;0.0;0.0;0.0;48911.0;499.0;25.0;140.0;140000.0;25.0
12;1.0;8.456147440251573;1.0;45720.0;519.0;1.525378787878788;1.0;476.0;9.0;140.0;140000.0;25.0;1.1170632912860399;1.0177944394497125;25.0;663.5747741151342;3.0;0.0;0.0;0.0;0.0;0.0;0.0;0.0;45720.0;476.0;25.0;140.0;140000.0;25.0
12;0.0;1.021772345301757;1.0;36592.0;3.8739495798319328;1.071212121212121;1.0;363.0;3.0;168.0;168000.0;30.0;1.6005296290392894;1.0774056072976275;30.0;715.0151508880871;0.0;0.0;0.0;0.0;0.0;0.0;0.0;0.0;36592.0;363.0;30.0;168.0;168000.0;30.0
12;1.0;1.1575844860003055;1.0;38826.0;6.72093023255814;1.1936868686868685;1.0;385.0;7.0;156.0;156000.0;28.0;1.5621455816607905;1.0609229086262464;28.0;694.4214998387178;1.0;0.0;0.0;0.0;0.0;0.0;0.0;0.0;38826.0;385.0;28.0;156.0;156000.0;28.0
12;0.0;1.068342865459621;1.0;37364.0;5.571428571428571;1.1103535353535354;1.0;370.0;5.0;160.0;160000.0;29.0;1.4522930108227257;1.066704593941118;29.0;708.9005533532687;0.0;0.0;0.0;0.0;0.0;0.0;0.0;0.0;37364.0;370.0;29.0;160.0;160000.0;29.0
12;0.0;1.2924300118291334;1.0;40269.0;15.083333333333334;1.236111111111111;1.0;397.0;6.0;152.0;152000.0;27.0;1.2460760357507874;1.03962531903502;27.0;686.8881068233222;0.0;0.0;0.0;0.0;0.0;0.0;0.0;0.0;40269.0;397.0;27.0;152.0;152000.0;27.0
12;1.0;1.1049317524694962;1.0;38628.0;6.72093023255814;1.2042929292929292;1.0;389.0;7.0;160.0;160000.0;28.0;1.6144709265516586;1.0229132569558101;28.0;694.1107953893018;2.0;0.0;0.0;0.0;0.0;0.0;0.0;0.0;38628.0;389.0;28.0;160.0;160000.0;28.0
12;0.0;6.970545872003198;1.0;46470.0;541.0;1.583207070707071;1.0;475.0;8.0;144.0;144000.0;26.0;1.1879262270321531;1.0102523778815344;26.0;676.1967221000897;0.0;0.0;0.0;0.0;0.0;0.0;0.0;0.0;46470.0;475.0;26.0;144.0;144000.0;26.0
12;1.0;1.1195160236210513;1.0;38672.0;6.825581395348837;1.1949494949494948;1.0;387.0;7.0;160.0;160000.0;28.0;1.619476758006194;1.1305524256002293;28.0;693.9296998739253;2.0;0.0;0.0;0.0;0.0;0.0;0.0;0.0;38672.0;387.0;28.0;160.0;160000.0;28.0
12;1.0;1.5098876881506804;1.0;42203.0;19.52173913043478;1.3599747474747472;1.0;431.0;9.0;148.0;148000.0;26.0;1.2169815917889824;1.014124500684534;26.0;672.6920100482331;3.0;0.0;0.0;0.0;0.0;0.0;0.0;0.0;42203.0;431.0;26.0;148.0;148000.0;26.0
12;0.0;4.537207685605915;1.0;47014.0;262.0;1.6453282828282831;1.0;487.0;8.0;144.0;144000.0;25.0;1.1427597653811936;1.041395469929706;25.0;660.7208792762608;0.0;0.0;0.0;0.0;0.0;0.0;0.0;0.0;47014.0;487.0;25.0;144.0;144000.0;25.0
12;1.0;7.700367361116272;1.063013698630137;49073.0;647.0;1.812121212121212;1.0;512.0;8.0;136.0;136000.0;24.0;1.043278526588056;1.0027006069681008;24.0;650.9819494093774;1.0;0.0;0.0;0.0;0.0;0.0;0.0;0.0;49073.0;512.0;24.0;136.0;136000.0;24.0
12;0.0;7.416548051434893;1.063013698630137;49081.0;609.0;1.8121212121212122;1.0;512.0;9.0;136.0;136000.0;24.0;1.0437250308744448;1.0027006069681008;24.0;650.9475654408429;0.0;0.0;0.0;0.0;0.0;0.0;0.0;0.0;49081.0;512.0;24.0;136.0;136000.0;24.0
12;0.0;3.6462466941770146;1.063013698630137;48339.0;117.0;1.7363636363636366;1.0;502.0;7.0;140.0;140000.0;25.0;1.3190555993106405;1.0038447252978908;25.0;659.4105043939766;0.0;0.0;0.0;0.0;0.0;0.0;0.0;0.0;48339.0;502.0;25.0;140.0;140000.0;25.0
13;0.0;1.0;1.0;36250.0;1.0;1.0598484848484846;1.0;360.0;1.5;176.0;176000.0;31.0;2.0526384669551963;1.3368179721808178;31.0;724.7116511573174;0.0;0.0;0.0;0.0;0.0;0.0;0.0;0.0;36250.0;360.0;31.0;176.0;176000.0;31.0
13;1.0;1.4753835295679871;1.0;45391.0;6.823529411764706;1.6181818181818182;1.0;487.0;9.0;144.0;144000.0;26.0;1.2204518092800216;1.0086661231077003;26.0;674.5145533843423;3.0;0.0;0.0;0.0;0.0;0.0;0.0;0.0;45391.0;487.0;26.0;144.0;144000.0;26.0
13;0.0;3.7254857008616153;1.0517241379310345;48911.0;117.0;1.7584595959595961;1.0;499.0;7.0;140.0;140000.0;25.0;1.1129496256895839;1.0038447252978908;25.0;663.7877288921262;0.0;0.0;0.0;0.0;0.0;0.0;0.0;0.0;48911.0;499.0;25.0;140.0;140000.0;25.0
13;1.0;8.456147440251573;1.0;45720.0;519.0;1.525378787878788;1.0;476.0;9.0;140.0;140000.0;25.0;1.1170632912860399;1.0177944394497125;25.0;663.5747741151342;3.0;0.0;0.0;0.0;0.0;0.0;0.0;0.0;45720.0;476.0;25.0;140.0;140000.0;25.0
13;0.0;1.021772345301757;1.0;36592.0;3.8739495798319328;1.071212121212121;1.0;363.0;3.0;168.0;168000.0;30.0;1.6005296290392894;1.0774056072976275;30.0;715.0151508880871;0.0;0.0;0.0;0.0;0.0;0.0;0.0;0.0;36592.0;363.0;30.0;168.0;168000.0;30.0
13;1.0;1.1575844860003055;1.0;38826.0;6.72093023255814;1.1936868686868685;1.0;385.0;7.0;156.0;156000.0;28.0;1.5621455816607905;1.0609229086262464;28.0;694.4214998387178;1.0;0.0;0.0;0.0;0.0;0.0;0.0;0.0;38826.0;385.0;28.0;156.0;156000.0;28.0
13;0.0;1.068342865459621;1.0;37364.0;5.571428571428571;1.1103535353535354;1.0;370.0;5.0;160.0;160000.0;29.0;1.4522930108227257;1.066704593941118;29.0;708.9005533532687;0.0;0.0;0.0;0.0;0.0;0.0;0.0;0.0;37364.0;370.0;29.0;160.0;160000.0;29.0
13;0.0;1.2924300118291334;1.0;40269.0;15.083333333333334;1.236111111111111;1.0;397.0;6.0;152.0;152000.0;27.0;1.2460760357507874;1.03962531903502;27.0;686.8881068233222;0.0;0.0;0.0;0.0;0.0;0.0;0.0;0.0;40269.0;397.0;27.0;152.0;152000.0;27.0
13;1.0;1.1049317524694962;1.0;38628.0;6.72093023255814;1.2042929292929292;1.0;389.0;7.0;160.0;160000.0;28.0;1.6144709265516586;1.0229132569558101;28.0;694.1107953893018;2.0;0.0;0.0;0.0;0.0;0.0;0.0;0.0;38628.0;389.0;28.0;160.0;160000.0;28.0
13;0.0;6.970545872003198;1.0;46470.0;541.0;1.583207070707071;1.0;475.0;8.0;144.0;144000.0;26.0;1.1879262270321531;1.0102523778815344;26.0;676.1967221000897;0.0;0.0;0.0;0.0;0.0;0.0;0.0;0.0;46470.0;475.0;26.0;144.0;144000.0;26.0
13;1.0;1.1195160236210513;1.0;38672.0;6.825581395348837;1.1949494949494948;1.0;387.0;7.0;160.0;160000.0;28.0;1.619476758006194;1.1305524256002293;28.0;693.9296998739253;2.0;0.0;0.0;0.0;0.0;0.0;0.0;0.0;38672.0;387.0;28.0;160.0;160000.0;28.0
13;1.0;1.5098876881506804;1.0;42203.0;19.52173913043478;1.3599747474747472;1.0;431.0;9.0;148.0;148000.0;26.0;1.2169815917889824;1.014124500684534;26.0;672.6920100482331;3.0;0.0;0.0;0.0;0.0;0.0;0.0;0.0;42203.0;431.0;26.0;148.0;148000.0;26.0
13;0.0;4.537207685605915;1.0;47014.0;262.0;1.6453282828282831;1.0;487.0;8.0;144.0;144000.0;25.0;1.1427597653811936;1.041395469929706;25.0;660.7208792762608;0.0;0.0;0.0;0.0;0.0;0.0;0.0;0.0;47014.0;487.0;25.0;144.0;144000.0;25.0
13;1.0;7.700367361116272;1.063013698630137;49073.0;647.0;1.812121212121212;1.0;512.0;8.0;136.0;136000.0;24.0;1.043278526588056;1.0027006069681008;24.0;650.9819494093774;1.0;0.0;0.0;0.0;0.0;0.0;0.0;0.0;49073.0;512.0;24.0;136.0;136000.0;24.0
13;0.0;7.416548051434893;1.063013698630137;49081.0;609.0;1.8121212121212122;1.0;512.0;9.0;136.0;136000.0;24.0;1.0437250308744448;1.0027006069681008;24.0;650.9475654408429;0.0;0.0;0.0;0.0;0.0;0.0;0.0;0.0;49081.0;512.0;24.0;136.0;136000.0;24.0
13;0.0;3.6462466941770146;1.063013698630137;48339.0;117.0;1.7363636363636366;1.0;502.0;7.0;140.0;140000.0;25.0;1.3190555993106405;1.0038447252978908;25.0;659.4105043939766;0.0;0.0;0.0;0.0;0.0;0.0;0.0;0.0;48339.0;502.0;25.0;140.0;140000.0;25.0
14;0.0;1.0;1.0;36250.0;1.0;1.0598484848484846;1.0;360.0;1.5;176.0;176000.0;31.0;2.0526384669551963;1.3368179721808178;31.0;724.7116511573174;0.0;0.0;0.0;0.0;0.0;0.0;0.0;0.0;36250.0;360.0;31.0;176.0;176000.0;31.0
14;1.0;1.4753835295679871;1.0;45391.0;6.823529411764706;1.6181818181818182;1.0;487.0;9.0;144.0;144000.0;26.0;1.2204518092800216;1.0086661231077003;26.0;674.5145533843423;3.0;0.0;0.0;0.0;0.0;0.0;0.0;0.0;45391.0;487.0;26.0;144.0;144000.0;26.0
14;0.0;3.7254857008616153;1.0517241379310345;48911.0;117.0;1.7584595959595961;1.0;499.0;7.0;140.0;140000.0;25.0;1.1129496256895839;1.0038447252978908;25.0;663.7877288921262;0.0;0.0;0.0;0.0;0.0;0.0;0.0;0.0;48911.0;499.0;25.0;140.0;140000.0;25.0
14;1.0;8.456147440251573;1.0;45720.0;519.0;1.525378787878788;1.0;476.0;9.0;140.0;140000.0;25.0;1.1170632912860399;1.0177944394497125;25.0;663.5747741151342;3.0;0.0;0.0;0.0;0.0;0.0;0.0;0.0;45720.0;476.0;25.0;140.0;140000.0;25.0
14;0.0;1.021772345301757;1.0;36592.0;3.8739495798319328;1.071212121212121;1.0;363.0;3.0;168.0;168000.0;30.0;1.6005296290392894;1.0774056072976275;30.0;715.0151508880871;0.0;0.0;0.0;0.0;0.0;0.0;0.0;0.0;36592.0;363.0;30.0;168.0;168000.0;30.0
14;1.0;1.1575844860003055;1.0;38826.0;6.72093023255814;1.1936868686868685;1.0;385.0;7.0;156.0;156000.0;28.0;1.5621455816607905;1.0609229086262464;28.0;694.4214998387178;1.0;0.0;0.0;0.0;0.0;0.0;0.0;0.0;38826.0;385.0;28.0;156.0;156000.0;28.0
14;0.0;1.068342865459621;1.0;37364.0;5.571428571428571;1.1103535353535354;1.0;370.0;5.0;160.0;160000.0;29.0;1.4522930108227257;1.066704593941118;29.0;708.9005533532687;0.0;0.0;0.0;0.0;0.0;0.0;0.0;0.0;37364.0;370.0;29.0;160.0;160000.0;29.0
14;0.0;1.2924300118291334;1.0;40269.0;15.083333333333334;1.236111111111111;1.0;397.0;6.0;152.0;152000.0;27.0;1.2460760357507874;1.03962531903502;27.0;686.8881068233222;0.0;0.0;0.0;0.0;0.0;0.0;0.0;0.0;40269.0;397.0;27.0;152.0;152000.0;27.0
14;1.0;1.1049317524694962;1.0;38628.0;6.72093023255814;1.2042929292929292;1.0;389.0;7.0;160.0;160000.0;28.0;1.6144709265516586;1.0229132569558101;28.0;694.1107953893018;2.0;0.0;0.0;0.0;0.0;0.0;0.0;0.0;38628.0;389.0;28.0;160.0;160000.0;28.0
14;0.0;6.970545872003198;1.0;46470.0;541.0;1.583207070707071;1.0;475.0;8.0;144.0;144000.0;26.0;1.1879262270321531;1.0102523778815344;26.0;676.1967221000897;0.0;0.0;0.0;0.0;0.0;0.0;0.0;0.0;46470.0;475.0;26.0;144.0;144000.0;26.0
14;1.0;1.1195160236210513;1.0;38672.0;6.825581395348837;1.1949494949494948;1.0;387.0;7.0;160.0;160000.0;28.0;1.619476758006194;1.1305524256002293;28.0;693.9296998739253;2.0;0.0;0.0;0.0;0.0;0.0;0.0;0.0;38672.0;387.0;28.0;160.0;160000.0;28.0
14;1.0;1.5098876881506804;1.0;42203.0;19.52173913043478;1.3599747474747472;1.0;431.0;9.0;148.0;148000.0;26.0;1.2169815917889824;1.014124500684534;26.0;672.6920100482331;3.0;0.0;0.0;0.0;0.0;0.0;0.0;0.0;42203.0;431.0;26.0;148.0;148000.0;26.0
14;0.0;4.537207685605915;1.0;47014.0;262.0;1.6453282828282831;1.0;487.0;8.0;144.0;144000.0;25.0;1.1427597653811936;1.041395469929706;25.0;660.7208792762608;0.0;0.0;0.0;0.0;0.0;0.0;0.0;0.0;47014.0;487.0;25.0;144.0;144000.0;25.0
14;1.0;7.700367361116272;1.063013698630137;49073.0;647.0;1.812121212121212;1.0;512.0;8.0;136.0;136000.0;24.0;1.043278526588056;1.0027006069681008;24.0;650.9819494093774;1.0;0.0;0.0;0.0;0.0;0.0;0.0;0.0;49073.0;512.0;24.0;136.0;136000.0;24.0
14;0.0;7.416548051434893;1.063013698630137;49081.0;609.0;1.8121212121212122;1.0;512.0;9.0;136.0;136000.0;24.0;1.0437250308744448;1.0027006069681008;24.0;650.9475654408429;0.0;0.0;0.0;0.0;0.0;0.0;0.0;0.0;49081.0;512.0;24.0;136.0;136000.0;24.0
14;0.0;3.6462466941770146;1.063013698630137;48339.0;117.0;1.7363636363636366;1.0;502.0;7.0;140.0;140000.0;25.0;1.3190555993106405;1.0038447252978908;25.0;659.4105043939766;0.0;0.0;0.0;0.0;0.0;0.0;0.0;0.0;48339.0;502.0;25.0;140.0;140000.0;25.0
15;0.0;1.0;1.0;36250.0;1.0;1.0598484848484846;1.0;360.0;1.5;176.0;176000.0;31.0;2.0526384669551963;1.3368179721808178;31.0;724.7116511573174;0.0;0.0;0.0;0.0;0.0;0.0;0.0;0.0;36250.0;360.0;31.0;176.0;176000.0;31.0
15;1.0;1.4753835295679871;1.0;45391.0;6.823529411764706;1.6181818181818182;1.0;487.0;9.0;144.0;144000.0;26.0;1.2204518092800216;1.0086661231077003;26.0;674.5145533843423;3.0;0.0;0.0;0.0;0.0;0.0;0.0;0.0;45391.0;487.0;26.0;144.0;144000.0;26.0
15;0.0;3.7254857008616153;1.0517241379310345;48911.0;117.0;1.7584595959595961;1.0;499.0;7.0;140.0;140000.0;25.0;1.1129496256895839;1.0038447252978908;25.0;663.7877288921262;0.0;0.0;0.0;0.0;0.0;0.0;0.0;0.0;48911.0;499.0;25.0;140.0;140000.0;25.0
15;1.0;8.456147440251573;1.0;45720.0;519.0;1.525378787878788;1.0;476.0;9.0;140.0;140000.0;25.0;1.1170632912860399;1.0177944394497125;25.0;663.5747741151342;3.0;0.0;0.0;0.0;0.0;0.0;0.0;0.0;45720.0;476.0;25.0;140.0;140000.0;25.0
15;0.0;1.021772345301757;1.0;36592.0;3.8739495798319328;1.071212121212121;1.0;363.0;3.0;168.0;168000.0;30.0;1.6005296290392894;1.0774056072976275;30.0;715.0151508880871;0.0;0.0;0.0;0.0;0.0;0.0;0.0;0.0;36592.0;363.0;30.0;168.0;168000.0;30.0
15;1.0;1.1575844860003055;1.0;38826.0;6.72093023255814;1.1936868686868685;1.0;385.0;7.0;156.0;156000.0;28.0;1.5621455816607905;1.0609229086262464;28.0;694.4214998387178;1.0;0.0;0.0;0.0;0.0;0.0;0.0;0.0;38826.0;385.0;28.0;156.0;156000.0;28.0
15;0.0;1.068342865459621;1.0;37364.0;5.571428571428571;1.1103535353535354;1.0;370.0;5.0;160.0;160000.0;29.0;1.4522930108227257;1.066704593941118;29.0;708.9005533532687;0.0;0.0;0.0;0.0;0.0;0.0;0.0;0.0;37364.0;370.0;29.0;160.0;160000.0;29.0
15;0.0;1.2924300118291334;1.0;40269.0;15.083333333333334;1.236111111111111;1.0;397.0;6.0;152.0;152000.0;27.0;1.2460760357507874;1.03962531903502;27.0;686.8881068233222;0.0;0.0;0.0;0.0;0.0;0.0;0.0;0.0;40269.0;397.0;27.0;152.0;152000.0;27.0
15;1.0;1.1049317524694962;1.0;38628.0;6.72093023255814;1.2042929292929292;1.0;389.0;7.0;160.0;160000.0;28.0;1.6144709265516586;1.0229132569558101;28.0;694.1107953893018;2.0;0.0;0.0;0.0;0.0;0.0;0.0;0.0;38628.0;389.0;28.0;160.0;160000.0;28.0
15;0.0;6.970545872003198;1.0;46470.0;541.0;1.583207070707071;1.0;475.0;8.0;144.0;144000.0;26.0;1.1879262270321531;1.0102523778815344;26.0;676.1967221000897;0.0;0.0;0.0;0.0;0.0;0.0;0.0;0.0;46470.0;475.0;26.0;144.0;144000.0;26.0
15;1.0;1.1195160236210513;1.0;38672.0;6.825581395348837;1.1949494949494948;1.0;387.0;7.0;160.0;160000.0;28.0;1.619476758006194;1.1305524256002293;28.0;693.9296998739253;2.0;0.0;0.0;0.0;0.0;0.0;0.0;0.0;38672.0;387.0;28.0;160.0;160000.0;28.0
15;1.0;1.5098876881506804;1.0;42203.0;19.52173913043478;1.3599747474747472;1.0;431.0;9.0;148.0;148000.0;26.0;1.2169815917889824;1.014124500684534;26.0;672.6920100482331;3.0;0.0;0.0;0.0;0.0;0.0;0.0;0.0;42203.0;431.0;26.0;148.0;148000.0;26.0
15;0.0;4.537207685605915;1.0;47014.0;262.0;1.6453282828282831;1.0;487.0;8.0;144.0;144000.0;25.0;1.1427597653811936;1.041395469929706;25.0;660.7208792762608;0.0;0.0;0.0;0.0;0.0;0.0;0.0;0.0;47014.0;487.0;25.0;144.0;144000.0;25.0
15;1.0;7.700367361116272;1.063013698630137;49073.0;647.0;1.812121212121212;1.0;512.0;8.0;136.0;136000.0;24.0;1.043278526588056;1.0027006069681008;24.0;650.9819494093774;1.0;0.0;0.0;0.0;0.0;0.0;0.0;0.0;49073.0;512.0;24.0;136.0;136000.0;24.0
15;0.0;7.416548051434893;1.063013698630137;49081.0;609.0;1.8121212121212122;1.0;512.0;9.0;136.0;136000.0;24.0;1.0437250308744448;1.0027006069681008;24.0;650.9475654408429;0.0;0.0;0.0;0.0;0.0;0.0;0.0;0.0;49081.0;512.0;24.0;136.0;136000.0;24.0
15;0.0;3.6462466941770146;1.063013698630137;48339.0;117.0;1.7363636363636366;1.0;502.0;7.0;140.0;140000.0;25.0;1.3190555993106405;1.0038447252978908;25.0;659.4105043939766;0.0;0.0;0.0;0.0;0.0;0.0;0.0;0.0;48339.0;502.0;25.0;140.0;140000.0;25.0
16;0.0;1.0;1.0;36250.0;1.0;1.0598484848484846;1.0;360.0;1.5;176.0;176000.0;31.0;2.0526384669551963;1.3368179721808178;31.0;724.7116511573174;0.0;0.0;0.0;0.0;0.0;0.0;0.0;0.0;36250.0;360.0;31.0;176.0;176000.0;31.0
16;1.0;1.4753835295679871;1.0;45391.0;6.823529411764706;1.6181818181818182;1.0;487.0;9.0;144.0;144000.0;26.0;1.2204518092800216;1.0086661231077003;26.0;674.5145533843423;3.0;0.0;0.0;0.0;0.0;0.0;0.0;0.0;45391.0;487.0;26.0;144.0;144000.0;26.0
16;0.0;3.7254857008616153;1.0517241379310345;48911.0;117.0;1.7584595959595961;1.0;499.0;7.0;140.0;140000.0;25.0;1.1129496256895839;1.0038447252978908;25.0;663.7877288921262;0.0;0.0;0.0;0.0;0.0;0.0;0.0;0.0;48911.0;499.0;25.0;140.0;140000.0;25.0
16;1.0;8.456147440251573;1.0;45720.0;519.0;1.525378787878788;1.0;476.0;9.0;140.0;140000.0;25.0;1.1170632912860399;1.0177944394497125;25.0;663.5747741151342;3.0;0.0;0.0;0.0;0.0;0.0;0.0;0.0;45720.0;476.0;25.0;140.0;140000.0;25.0
16;0.0;1.021772345301757;1.0;36592.0;3.8739495798319328;1.071212121212121;1.0;363.0;3.0;168.0;168000.0;30.0;1.6005296290392894;1.0774056072976275;30.0;715.0151508880871;0.0;0.0;0.0;0.0;0.0;0.0;0.0;0.0;36592.0;363.0;30.0;168.0;168000.0;30.0
16;1.0;1.1575844860003055;1.0;38826.0;6.72093023255814;1.1936868686868685;1.0;385.0;7.0;156.0;156000.0;28.0;1.5621455816607905;1.0609229086262464;28.0;694.4214998387178;1.0;0.0;0.0;0.0;0.0;0.0;0.0;0.0;38826.0;385.0;28.0;156.0;156000.0;28.0
16;0.0;1.068342865459621;1.0;37364.0;5.571428571428571;1.1103535353535354;1.0;370.0;5.0;160.0;160000.0;29.0;1.4522930108227257;1.066704593941118;29.0;708.9005533532687;0.0;0.0;0.0;0.0;0.0;0.0;0.0;0.0;37364.0;370.0;29.0;160.0;160000.0;29.0
16;0.0;1.2924300118291334;1.0;40269.0;15.083333333333334;1.236111111111111;1.0;397.0;6.0;152.0;152000.0;27.0;1.2460760357507874;1.03962531903502;27.0;686.8881068233222;0.0;0.0;0.0;0.0;0.0;0.0;0.0;0.0;40269.0;397.0;27.0;152.0;152000.0;27.0
16;1.0;1.1049317524694962;1.0;38628.0;6.72093023255814;1.2042929292929292;1.0;389.0;7.0;160.0;160000.0;28.0;1.6144709265516586;1.0229132569558101;28.0;694.1107953893018;2.0;0.0;0.0;0.0;0.0;0.0;0.0;0.0;38628.0;389.0;28.0;160.0;160000.0;28.0
16;0.0;6.970545872003198;1.0;46470.0;541.0;1.583207070707071;1.0;475.0;8.0;144.0;144000.0;26.0;1.1879262270321531;1.0102523778815344;26.0;676.1967221000897;0.0;0.0;0.0;0.0;0.0;0.0;0.0;0.0;46470.0;475.0;26.0;144.0;144000.0;26.0
16;1.0;1.1195160236210513;1.0;38672.0;6.825581395348837;1.1949494949494948;1.0;387.0;7.0;160.0;160000.0;28.0;1.619476758006194;1.1305524256002293;28.0;693.9296998739253;2.0;0.0;0.0;0.0;0.0;0.0;0.0;0.0;38672.0;387.0;28.0;160.0;160000.0;28.0
16;1.0;1.5098876881506804;1.0;42203.0;19.52173913043478;1.3599747474747472;1.0;431.0;9.0;148.0;148000.0;26.0;1.2169815917889824;1.014124500684534;26.0;672.6920100482331;3.0;0.0;0.0;0.0;0.0;0.0;0.0;0.0;42203.0;431.0;26.0;148.0;148000.0;26.0
16;0.0;4.537207685605915;1.0;47014.0;262.0;1.6453282828282831;1.0;487.0;8.0;144.0;144000.0;25.0;1.1427597653811936;1.041395469929706;25.0;660.7208792762608;0.0;0.0;0.0;0.0;0.0;0.0;0.0;0.0;47014.0;487.0;25.0;144.0;144000.0;25.0
16;1.0;7.700367361116272;1.063013698630137;49073.0;647.0;1.812121212121212;1.0;512.0;8.0;136.0;136000.0;24.0;1.043278526588056;1.0027006069681008;24.0;650.9819494093774;1.0;0.0;0.0;0.0;0.0;0.0;0.0;0.0;49073.0;512.0;24.0;136.0;136000.0;24.0
16;0.0;7.416548051434893;1.063013698630137;49081.0;609.0;1.8121212121212122;1.0;512.0;9.0;136.0;136000.0;24.0;1.0437250308744448;1.0027006069681008;24.0;650.9475654408429;0.0;0.0;0.0;0.0;0.0;0.0;0.0;0.0;49081.0;512.0;24.0;136.0;136000.0;24.0
16;0.0;3.6462466941770146;1.063013698630137;48339.0;117.0;1.7363636363636366;1.0;502.0;7.0;140.0;140000.0;25.0;1.3190555993106405;1.0038447252978908;25.0;659.4105043939766;0.0;0.0;0.0;0.0;0.0;0.0;0.0;0.0;48339.0;502.0;25.0;140.0;140000.0;25.0
17;0.0;1.0;1.0;36250.0;1.0;1.0598484848484846;1.0;360.0;1.5;176.0;176000.0;31.0;2.0526384669551963;1.3368179721808178;31.0;724.7116511573174;0.0;0.0;0.0;0.0;0.0;0.0;0.0;0.0;36250.0;360.0;31.0;176.0;176000.0;31.0
17;1.0;1.4753835295679871;1.0;45391.0;6.823529411764706;1.6181818181818182;1.0;487.0;9.0;144.0;144000.0;26.0;1.2204518092800216;1.0086661231077003;26.0;674.5145533843423;3.0;0.0;0.0;0.0;0.0;0.0;0.0;0.0;45391.0;487.0;26.0;144.0;144000.0;26.0
17;0.0;3.7254857008616153;1.0517241379310345;48911.0;117.0;1.7584595959595961;1.0;499.0;7.0;140.0;140000.0;25.0;1.1129496256895839;1.0038447252978908;25.0;663.7877288921262;0.0;0.0;0.0;0.0;0.0;0.0;0.0;0.0;48911.0;499.0;25.0;140.0;140000.0;25.0
17;1.0;8.456147440251573;1.0;45720.0;519.0;1.525378787878788;1.0;476.0;9.0;140.0;140000.0;25.0;1.1170632912860399;1.0177944394497125;25.0;663.5747741151342;3.0;0.0;0.0;0.0;0.0;0.0;0.0;0.0;45720.0;476.0;25.0;140.0;140000.0;25.0
17;0.0;1.021772345301757;1.0;36592.0;3.8739495798319328;1.071212121212121;1.0;363.0;3.0;168.0;168000.0;30.0;1.6005296290392894;1.0774056072976275;30.0;715.0151508880871;0.0;0.0;0.0;0.0;0.0;0.0;0.0;0.0;36592.0;363.0;30.0;168.0;168000.0;30.0
17;1.0;1.1575844860003055;1.0;38826.0;6.72093023255814;1.1936868686868685;1.0;385.0;7.0;156.0;156000.0;28.0;1.5621455816607905;1.0609229086262464;28.0;694.4214998387178;1.0;0.0;0.0;0.0;0.0;0.0;0.0;0.0;38826.0;385.0;28.0;156.0;156000.0;28.0
17;0.0;1.068342865459621;1.0;37364.0;5.571428571428571;1.1103535353535354;1.0;370.0;5.0;160.0;160000.0;29.0;1.4522930108227257;1.066704593941118;29.0;708.9005533532687;0.0;0.0;0.0;0.0;0.0;0.0;0.0;0.0;37364.0;370.0;29.0;160.0;160000.0;29.0
17;0.0;1.2924300118291334;1.0;40269.0;15.083333333333334;1.236111111111111;1.0;397.0;6.0;152.0;152000.0;27.0;1.2460760357507874;1.03962531903502;27.0;686.8881068233222;0.0;0.0;0.0;0.0;0.0;0.0;0.0;0.0;40269.0;397.0;27.0;152.0;152000.0;27.0
17;1.0;1.1049317524694962;1.0;38628.0;6.72093023255814;1.2042929292929292;1.0;389.0;7.0;160.0;160000.0;28.0;1.6144709265516586;1.0229132569558101;28.0;694.1107953893018;2.0;0.0;0.0;0.0;0.0;0.0;0.0;0.0;38628.0;389.0;28.0;160.0;160000.0;28.0
17;0.0;6.970545872003198;1.0;46470.0;541.0;1.583207070707071;1.0;475.0;8.0;144.0;144000.0;26.0;1.1879262270321531;1.0102523778815344;26.0;676.1967221000897;0.0;0.0;0.0;0.0;0.0;0.0;0.0;0.0;46470.0;475.0;26.0;144.0;144000.0;26.0
17;1.0;1.1195160236210513;1.0;38672.0;6.825581395348837;1.1949494949494948;1.0;387.0;7.0;160.0;160000.0;28.0;1.619476758006194;1.1305524256002293;28.0;693.9296998739253;2.0;0.0;0.0;0.0;0.0;0.0;0.0;0.0;38672.0;387.0;28.0;160.0;160000.0;28.0
17;1.0;1.5098876881506804;1.0;42203.0;19.52173913043478;1.3599747474747472;1.0;431.0;9.0;148.0;148000.0;26.0;1.2169815917889824;1.014124500684534;26.0;672.6920100482331;3.0;0.0;0.0;0.0;0.0;0.0;0.0;0.0;42203.0;431.0;26.0;148.0;148000.0;26.0
17;0.0;4.537207685605915;1.0;47014.0;262.0;1.6453282828282831;1.0;487.0;8.0;144.0;144000.0;25.0;1.1427597653811936;1.041395469929706;25.0;660.7208792762608;0.0;0.0;0.0;0.0;0.0;0.0;0.0;0.0;47014.0;487.0;25.0;144.0;144000.0;25.0
17;1.0;7.700367361116272;1.063013698630137;49073.0;647.0;1.812121212121212;1.0;512.0;8.0;136.0;136000.0;24.0;1.043278526588056;1.0027006069681008;24.0;650.9819494093774;1.0;0.0;0.0;0.0;0.0;0.0;0.0;0.0;49073.0;512.0;24.0;136.0;136000.0;24.0
17;0.0;7.416548051434893;1.063013698630137;49081.0;609.0;1.8121212121212122;1.0;512.0;9.0;136.0;136000.0;24.0;1.0437250308744448;1.0027006069681008;24.0;650.9475654408429;0.0;0.0;0.0;0.0;0.0;0.0;0.0;0.0;49081.0;512.0;24.0;136.0;136000.0;24.0
17;0.0;3.6462466941770146;1.063013698630137;48339.0;117.0;1.7363636363636366;1.0;502.0;7.0;140.0;140000.0;25.0;1.3190555993106405;1.0038447252978908;25.0;659.4105043939766;0.0;0.0;0.0;0.0;0.0;0.0;0.0;0.0;48339.0;502.0;25.0;140.0;140000.0;25.0
17;0.0;2.556403561789185;1.1932773109243697;47131.0;117.0;1.5840909090909094;1.3333333333333333;482.0;5.0;144.0;144000.0;25.0;1.105660294519974;1.024908697716845;25.0;661.8017375082316;0.0;0.0;0.0;0.0;0.0;0.0;0.0;0.0;47131.0;482.0;25.0;144.0;144000.0;25.0
18;0.0;1.0;1.0;36250.0;1.0;1.0598484848484846;1.0;360.0;1.5;176.0;176000.0;31.0;2.0526384669551963;1.3368179721808178;31.0;724.7116511573174;0.0;0.0;0.0;0.0;0.0;0.0;0.0;0.0;36250.0;360.0;31.0;176.0;176000.0;31.0
18;1.0;1.4753835295679871;1.0;45391.0;6.823529411764706;1.6181818181818182;1.0;487.0;9.0;144.0;144000.0;26.0;1.2204518092800216;1.0086661231077003;26.0;674.5145533843423;3.0;0.0;0.0;0.0;0.0;0.0;0.0;0.0;45391.0;487.0;26.0;144.0;144000.0;26.0
18;0.0;3.7254857008616153;1.0517241379310345;48911.0;117.0;1.7584595959595961;1.0;499.0;7.0;140.0;140000.0;25.0;1.1129496256895839;1.0038447252978908;25.0;663.7877288921262;0.0;0.0;0.0;0.0;0.0;0.0;0.0;0.0;48911.0;499.0;25.0;140.0;140000.0;25.0
18;1.0;8.456147440251573;1.0;45720.0;519.0;1.525378787878788;1.0;476.0;9.0;140.0;140000.0;25.0;1.1170632912860399;1.0177944394497125;25.0;663.5747741151342;3.0;0.0;0.0;0.0;0.0;0.0;0.0;0.0;45720.0;476.0;25.0;140.0;140000.0;25.0
18;0.0;1.021772345301757;1.0;36592.0;3.8739495798319328;1.071212121212121;1.0;363.0;3.0;168.0;168000.0;30.0;1.6005296290392894;1.0774056072976275;30.0;715.0151508880871;0.0;0.0;0.0;0.0;0.0;0.0;0.0;0.0;36592.0;363.0;30.0;168.0;168000.0;30.0
18;1.0;1.1575844860003055;1.0;38826.0;6.72093023255814;1.1936868686868685;1.0;385.0;7.0;156.0;156000.0;28.0;1.5621455816607905;1.0609229086262464;28.0;694.4214998387178;1.0;0.0;0.0;0.0;0.0;0.0;0.0;0.0;38826.0;385.0;28.0;156.0;156000.0;28.0
18;0.0;1.068342865459621;1.0;37364.0;5.571428571428571;1.1103535353535354;1.0;370.0;5.0;160.0;160000.0;29.0;1.4522930108227257;1.066704593941118;29.0;708.9005533532687;0.0;0.0;0.0;0.0;0.0;0.0;0.0;0.0;37364.0;370.0;29.0;160.0;160000.0;29.0
18;0.0;1.2924300118291334;1.0;40269.0;15.083333333333334;1.236111111111111;1.0;397.0;6.0;152.0;152000.0;27.0;1.2460760357507874;1.03962531903502;27.0;686.8881068233222;0.0;0.0;0.0;0.0;0.0;0.0;0.0;0.0;40269.0;397.0;27.0;152.0;152000.0;27.0
18;1.0;1.1049317524694962;1.0;38628.0;6.72093023255814;1.2042929292929292;1.0;389.0;7.0;160.0;160000.0;28.0;1.6144709265516586;1.0229132569558101;28.0;694.1107953893018;2.0;0.0;0.0;0.0;0.0;0.0;0.0;0.0;38628.0;389.0;28.0;160.0;160000.0;28.0
18;1.0;2.515253851360648;1.0287081339712918;45972.0;117.0;1.5140151515151516;1.25;459.0;5.0;144.0;144000.0;25.0;1.1146341522185537;1.0508739768574196;25.0;661.5176943823653;1.0;0.0;0.0;0.0;0.0;0.0;0.0;0.0;45972.0;459.0;25.0;144.0;144000.0;25.0
18;1.0;1.1195160236210513;1.0;38672.0;6.825581395348837;1.1949494949494948;1.0;387.0;7.0;160.0;160000.0;28.0;1.619476758006194;1.1305524256002293;28.0;693.9296998739253;2.0;0.0;0.0;0.0;0.0;0.0;0.0;0.0;38672.0;387.0;28.0;160.0;160000.0;28.0
18;1.0;1.5098876881506804;1.0;42203.0;19.52173913043478;1.3599747474747472;1.0;431.0;9.0;148.0;148000.0;26.0;1.2169815917889824;1.014124500684534;26.0;672.6920100482331;3.0;0.0;0.0;0.0;0.0;0.0;0.0;0.0;42203.0;431.0;26.0;148.0;148000.0;26.0
18;0.0;1.5591703512183628;1.051685393258427;45365.0;9.038461538461538;1.5347222222222223;1.25;472.0;5.0;148.0;148000.0;26.0;1.1585963832973987;1.0358305289180867;26.0;675.2516677322307;0.0;0.0;0.0;0.0;0.0;0.0;0.0;0.0;45365.0;472.0;26.0;148.0;148000.0;26.0
18;0.0;2.510955718658004;1.0287081339712918;45829.0;117.0;1.5178030303030305;1.25;461.0;5.0;144.0;144000.0;25.0;1.1149465407924262;1.041278597559706;25.0;661.4933731714717;0.0;0.0;0.0;0.0;0.0;0.0;0.0;0.0;45829.0;461.0;25.0;144.0;144000.0;25.0
18;0.0;7.416548051434893;1.063013698630137;49081.0;609.0;1.8121212121212122;1.0;512.0;9.0;136.0;136000.0;24.0;1.0437250308744448;1.0027006069681008;24.0;650.9475654408429;0.0;0.0;0.0;0.0;0.0;0.0;0.0;0.0;49081.0;512.0;24.0;136.0;136000.0;24.0
18;0.0;3.6462466941770146;1.063013698630137;48339.0;117.0;1.7363636363636366;1.0;502.0;7.0;140.0;140000.0;25.0;1.3190555993106405;1.0038447252978908;25.0;659.4105043939766;0.0;0.0;0.0;0.0;0.0;0.0;0.0;0.0;48339.0;502.0;25.0;140.0;140000.0;25.0
18;1.0;1.7202526417548143;1.1639871382636655;47445.0;8.304347826086957;1.5686868686868687;1.2;481.0;5.5;136.0;136000.0;24.0;1.0434618330292447;1.0147064792391054;24.0;650.9678779156766;1.0;0.0;0.0;0.0;0.0;0.0;0.0;0.0;47445.0;481.0;24.0;136.0;136000.0;24.0
18;0.0;3.3325529951061097;1.2651685393258427;50875.0;169.0;1.7159090909090906;1.25;501.0;7.0;136.0;136000.0;24.0;1.042909800508453;1.0075076108804106;24.0;651.011584505622;0.0;0.0;0.0;0.0;0.0;0.0;0.0;0.0;50875.0;501.0;24.0;136.0;136000.0;24.0
19;0.0;1.0;1.0;36250.0;1.0;1.0598484848484846;1.0;360.0;1.5;176.0;176000.0;31.0;2.0526384669551963;1.3368179721808178;31.0;724.7116511573174;0.0;0.0;0.0;0.0;0.0;0.0;0.0;0.0;36250.0;360.0;31.0;176.0;176000.0;31.0
19;0.0;1.435709105601287;1.0220588235294117;43799.0;5.461538461538462;1.4246212121212127;1.0;445.0;5.0;148.0;148000.0;26.0;1.2291447014990138;1.040333739063492;26.0;672.6647182898766;0.0;0.0;0.0;0.0;0.0;0.0;0.0;0.0;43799.0;445.0;26.0;148.0;148000.0;26.0
19;0.0;3.7254857008616153;1.0517241379310345;48911.0;117.0;1.7584595959595961;1.0;499.0;7.0;140.0;140000.0;25.0;1.1129496256895839;1.0038447252978908;25.0;663.7877288921262;0.0;0.0;0.0;0.0;0.0;0.0;0.0;0.0;48911.0;499.0;25.0;140.0;140000.0;25.0
19;1.0;8.456147440251573;1.0;45720.0;519.0;1.525378787878788;1.0;476.0;9.0;140.0;140000.0;25.0;1.1170632912860399;1.0177944394497125;25.0;663.5747741151342;3.0;0.0;0.0;0.0;0.0;0.0;0.0;0.0;45720.0;476.0;25.0;140.0;140000.0;25.0
19;0.0;1.021772345301757;1.0;36592.0;3.8739495798319328;1.071212121212121;1.0;363.0;3.0;168.0;168000.0;30.0;1.6005296290392894;1.0774056072976275;30.0;715.0151508880871;0.0;0.0;0.0;0.0;0.0;0.0;0.0;0.0;36592.0;363.0;30.0;168.0;168000.0;30.0
19;1.0;1.1575844860003055;1.0;38826.0;6.72093023255814;1.1936868686868685;1.0;385.0;7.0;156.0;156000.0;28.0;1.5621455816607905;1.0609229086262464;28.0;694.4214998387178;1.0;0.0;0.0;0.0;0.0;0.0;0.0;0.0;38826.0;385.0;28.0;156.0;156000.0;28.0
19;0.0;1.068342865459621;1.0;37364.0;5.571428571428571;1.1103535353535354;1.0;370.0;5.0;160.0;160000.0;29.0;1.4522930108227257;1.066704593941118;29.0;708.9005533532687;0.0;0.0;0.0;0.0;0.0;0.0;0.0;0.0;37364.0;370.0;29.0;160.0;160000.0;29.0
19;0.0;1.2924300118291334;1.0;40269.0;15.083333333333334;1.236111111111111;1.0;397.0;6.0;152.0;152000.0;27.0;1.2460760357507874;1.03962531903502;27.0;686.8881068233222;0.0;0.0;0.0;0.0;0.0;0.0;0.0;0.0;40269.0;397.0;27.0;152.0;152000.0;27.0
19;1.0;1.1049317524694962;1.0;38628.0;6.72093023255814;1.2042929292929292;1.0;389.0;7.0;160.0;160000.0;28.0;1.6144709265516586;1.0229132569558101;28.0;694.1107953893018;2.0;0.0;0.0;0.0;0.0;0.0;0.0;0.0;38628.0;389.0;28.0;160.0;160000.0;28.0
19;1.0;2.515253851360648;1.0287081339712918;45972.0;117.0;1.5140151515151516;1.25;459.0;5.0;144.0;144000.0;25.0;1.1146341522185537;1.0508739768574196;25.0;661.5176943823653;1.0;0.0;0.0;0.0;0.0;0.0;0.0;0.0;45972.0;459.0;25.0;144.0;144000.0;25.0
19;1.0;1.1195160236210513;1.0;38672.0;6.825581395348837;1.1949494949494948;1.0;387.0;7.0;160.0;160000.0;28.0;1.619476758006194;1.1305524256002293;28.0;693.9296998739253;2.0;0.0;0.0;0.0;0.0;0.0;0.0;0.0;38672.0;387.0;28.0;160.0;160000.0;28.0
19;1.0;1.5098876881506804;1.0;42203.0;19.52173913043478;1.3599747474747472;1.0;431.0;9.0;148.0;148000.0;26.0;1.2169815917889824;1.014124500684534;26.0;672.6920100482331;3.0;0.0;0.0;0.0;0.0;0.0;0.0;0.0;42203.0;431.0;26.0;148.0;148000.0;26.0
19;0.0;3.3325529951061097;1.2651685393258427;50875.0;169.0;1.7159090909090906;1.25;501.0;7.0;136.0;136000.0;24.0;1.042909800508453;1.0075076108804106;24.0;651.011584505622;0.0;0.0;0.0;0.0;0.0;0.0;0.0;0.0;50875.0;501.0;24.0;136.0;136000.0;24.0
19;0.0;2.510955718658004;1.0287081339712918;45829.0;117.0;1.5178030303030305;1.25;461.0;5.0;144.0;144000.0;25.0;1.1149465407924262;1.041278597559706;25.0;661.4933731714717;0.0;0.0;0.0;0.0;0.0;0.0;0.0;0.0;45829.0;461.0;25.0;144.0;144000.0;25.0
19;0.0;7.416548051434893;1.063013698630137;49081.0;609.0;1.8121212121212122;1.0;512.0;9.0;136.0;136000.0;24.0;1.0437250308744448;1.0027006069681008;24.0;650.9475654408429;0.0;0.0;0.0;0.0;0.0;0.0;0.0;0.0;49081.0;512.0;24.0;136.0;136000.0;24.0
19;0.0;3.6462466941770146;1.063013698630137;48339.0;117.0;1.7363636363636366;1.0;502.0;7.0;140.0;140000.0;25.0;1.3190555993106405;1.0038447252978908;25.0;659.4105043939766;0.0;0.0;0.0;0.0;0.0;0.0;0.0;0.0;48339.0;502.0;25.0;140.0;140000.0;25.0
19;1.0;1.7202526417548143;1.1639871382636655;47445.0;8.304347826086957;1.5686868686868687;1.2;481.0;5.5;136.0;136000.0;24.0;1.0434618330292447;1.0147064792391054;24.0;650.9678779156766;1.0;0.0;0.0;0.0;0.0;0.0;0.0;0.0;47445.0;481.0;24.0;136.0;136000.0;24.0
19;0.0;1.4557618766687541;1.0155844155844156;43784.0;6.72093023255814;1.4553030303030308;1.0;448.0;7.0;148.0;148000.0;26.0;1.2200246034168754;1.0108123224760859;26.0;672.567142998575;0.0;0.0;0.0;0.0;0.0;0.0;0.0;0.0;43784.0;448.0;26.0;148.0;148000.0;26.0
19;0.0;1.4797741790842316;1.0155844155844156;44477.0;6.72093023255814;1.513257575757576;1.2;470.0;7.0;144.0;144000.0;25.0;1.1070044278926852;1.016791750881502;25.0;661.6624998871168;0.0;0.0;0.0;0.0;0.0;0.0;0.0;0.0;44477.0;470.0;25.0;144.0;144000.0;25.0
19;0.0;4.401979591286639;1.380327868852459;49415.0;233.0;1.6482323232323233;1.3333333333333333;498.0;5.0;140.0;140000.0;25.0;1.1349355848725662;1.0093510769775995;25.0;662.7601838010653;0.0;0.0;0.0;0.0;0.0;0.0;0.0;0.0;49415.0;498.0;25.0;140.0;140000.0;25.0
20;0.0;1.0;1.0;36250.0;1.0;1.0598484848484846;1.0;360.0;1.5;176.0;176000.0;31.0;2.0526384669551963;1.3368179721808178;31.0;724.7116511573174;0.0;0.0;0.0;0.0;0.0;0.0;0.0;0.0;36250.0;360.0;31.0;176.0;176000.0;31.0
20;0.0;1.2191247064250297;1.0;40117.0;3.9302325581395348;1.2854797979797983;1.0;414.0;4.0;144.0;144000.0;25.0;1.1021297559021297;1.0240492271841837;25.0;661.9158015849871;0.0;0.0;0.0;0.0;0.0;0.0;0.0;0.0;40117.0;414.0;25.0;144.0;144000.0;25.0
20;0.0;1.221154811396311;1.0;40199.0;3.9302325581395348;1.2816919191919194;1.0;413.0;4.0;144.0;144000.0;25.0;1.1020901341609624;1.0204567564441847;25.0;661.9603778788844;0.0;0.0;0.0;0.0;0.0;0.0;0.0;0.0;40199.0;413.0;25.0;144.0;144000.0;25.0
20;1.0;1.1195160236210513;1.0;38672.0;6.825581395348837;1.1949494949494948;1.0;387.0;7.0;160.0;160000.0;28.0;1.619476758006194;1.1305524256002293;28.0;693.9296998739253;2.0;0.0;0.0;0.0;0.0;0.0;0.0;0.0;38672.0;387.0;28.0;160.0;160000.0;28.0
20;0.0;1.021772345301757;1.0;36592.0;3.8739495798319328;1.071212121212121;1.0;363.0;3.0;168.0;168000.0;30.0;1.6005296290392894;1.0774056072976275;30.0;715.0151508880871;0.0;0.0;0.0;0.0;0.0;0.0;0.0;0.0;36592.0;363.0;30.0;168.0;168000.0;30.0
20;1.0;1.1575844860003055;1.0;38826.0;6.72093023255814;1.1936868686868685;1.0;385.0;7.0;156.0;156000.0;28.0;1.5621455816607905;1.0609229086262464;28.0;694.4214998387178;1.0;0.0;0.0;0.0;0.0;0.0;0.0;0.0;38826.0;385.0;28.0;156.0;156000.0;28.0
20;0.0;1.068342865459621;1.0;37364.0;5.571428571428571;1.1103535353535354;1.0;370.0;5.0;160.0;160000.0;29.0;1.4522930108227257;1.066704593941118;29.0;708.9005533532687;0.0;0.0;0.0;0.0;0.0;0.0;0.0;0.0;37364.0;370.0;29.0;160.0;160000.0;29.0
20;0.0;1.2924300118291334;1.0;40269.0;15.083333333333334;1.236111111111111;1.0;397.0;6.0;152.0;152000.0;27.0;1.2460760357507874;1.03962531903502;27.0;686.8881068233222;0.0;0.0;0.0;0.0;0.0;0.0;0.0;0.0;40269.0;397.0;27.0;152.0;152000.0;27.0
20;1.0;1.1049317524694962;1.0;38628.0;6.72093023255814;1.2042929292929292;1.0;389.0;7.0;160.0;160000.0;28.0;1.6144709265516586;1.0229132569558101;28.0;694.1107953893018;2.0;0.0;0.0;0.0;0.0;0.0;0.0;0.0;38628.0;389.0;28.0;160.0;160000.0;28.0
20;0.0;1.3224654901016628;1.0;41639.0;6.809523809523809;1.4016414141414144;1.0;439.0;5.0;136.0;136000.0;24.0;1.0453173829740856;1.0098629952536442;24.0;650.8269723840999;0.0;0.0;0.0;0.0;0.0;0.0;0.0;0.0;41639.0;439.0;24.0;136.0;136000.0;24.0
21;0.0;1.0;1.0;36250.0;1.0;1.0598484848484846;1.0;360.0;1.5;176.0;176000.0;31.0;2.0526384669551963;1.3368179721808178;31.0;724.7116511573174;0.0;0.0;0.0;0.0;0.0;0.0;0.0;0.0;36250.0;360.0;31.0;176.0;176000.0;31.0
21;0.0;1.3224654901016628;1.0;41639.0;6.809523809523809;1.4016414141414144;1.0;439.0;5.0;136.0;136000.0;24.0;1.0453173829740856;1.0098629952536442;24.0;650.8269723840999;0.0;0.0;0.0;0.0;0.0;0.0;0.0;0.0;41639.0;439.0;24.0;136.0;136000.0;24.0
21;1.0;1.1049317524694962;1.0;38628.0;6.72093023255814;1.2042929292929292;1.0;389.0;7.0;160.0;160000.0;28.0;1.6144709265516586;1.0229132569558101;28.0;694.1107953893018;2.0;0.0;0.0;0.0;0.0;0.0;0.0;0.0;38628.0;389.0;28.0;160.0;160000.0;28.0
21;1.0;1.1195160236210513;1.0;38672.0;6.825581395348837;1.1949494949494948;1.0;387.0;7.0;160.0;160000.0;28.0;1.619476758006194;1.1305524256002293;28.0;693.9296998739253;2.0;0.0;0.0;0.0;0.0;0.0;0.0;0.0;38672.0;387.0;28.0;160.0;160000.0;28.0
21;0.0;1.021772345301757;1.0;36592.0;3.8739495798319328;1.071212121212121;1.0;363.0;3.0;168.0;168000.0;30.0;1.6005296290392894;1.0774056072976275;30.0;715.0151508880871;0.0;0.0;0.0;0.0;0.0;0.0;0.0;0.0;36592.0;363.0;30.0;168.0;168000.0;30.0
21;1.0;1.1575844860003055;1.0;38826.0;6.72093023255814;1.1936868686868685;1.0;385.0;7.0;156.0;156000.0;28.0;1.5621455816607905;1.0609229086262464;28.0;694.4214998387178;1.0;0.0;0.0;0.0;0.0;0.0;0.0;0.0;38826.0;385.0;28.0;156.0;156000.0;28.0
21;0.0;1.068342865459621;1.0;37364.0;5.571428571428571;1.1103535353535354;1.0;370.0;5.0;160.0;160000.0;29.0;1.4522930108227257;1.066704593941118;29.0;708.9005533532687;0.0;0.0;0.0;0.0;0.0;0.0;0.0;0.0;37364.0;370.0;29.0;160.0;160000.0;29.0
21;0.0;1.1291064871976877;1.0;38662.0;2.45;1.1970959595959596;1.0;392.0;3.0;144.0;144000.0;25.0;1.110685454421493;1.0150887300337685;25.0;661.5843761300332;0.0;0.0;0.0;0.0;0.0;0.0;0.0;0.0;38662.0;392.0;25.0;144.0;144000.0;25.0
21;0.0;1.1313093670601422;1.0;38744.0;2.45;1.194570707070707;1.0;391.0;3.0;144.0;144000.0;25.0;1.1100888919816605;1.0150887300337685;25.0;661.5605885382581;0.0;0.0;0.0;0.0;0.0;0.0;0.0;0.0;38744.0;391.0;25.0;144.0;144000.0;25.0
21;0.0;1.1313508780605572;1.0;38746.0;2.45;1.1888888888888889;1.0;388.0;3.0;144.0;144000.0;25.0;1.1031656833474488;1.0218215672472126;25.0;661.9293967621343;0.0;0.0;0.0;0.0;0.0;0.0;0.0;0.0;38746.0;388.0;25.0;144.0;144000.0;25.0
21;0.0;1.4405752026631147;1.0;41286.0;8.304347826086957;1.2381313131313132;1.0;387.0;4.0;148.0;148000.0;26.0;1.1675224497480339;1.0465943818813581;26.0;674.9164779569301;0.0;0.0;0.0;0.0;0.0;0.0;0.0;0.0;41286.0;387.0;26.0;148.0;148000.0;26.0
21;0.0;1.3666929513582833;1.0;40469.0;8.304347826086957;1.204040404040404;1.0;381.0;4.0;156.0;156000.0;27.0;1.274516996985895;1.076725033139204;27.0;684.112421713319;0.0;0.0;0.0;0.0;0.0;0.0;0.0;0.0;40469.0;381.0;27.0;156.0;156000.0;27.0
21;0.0;1.3687428622317237;1.0;40492.0;8.304347826086957;1.2002525252525253;1.0;380.0;4.0;156.0;156000.0;27.0;1.3115397816753458;1.062069087594148;27.0;683.1099077140618;0.0;0.0;0.0;0.0;0.0;0.0;0.0;0.0;40492.0;380.0;27.0;156.0;156000.0;27.0
21;0.0;1.3478136824790143;1.0;40312.0;8.304347826086957;1.2116161616161616;1.0;382.0;5.0;156.0;156000.0;27.0;1.314482688266998;1.062069087594148;27.0;682.939167892503;0.0;0.0;0.0;0.0;0.0;0.0;0.0;0.0;40312.0;382.0;27.0;156.0;156000.0;27.0
22;0.0;1.0;1.0;36250.0;1.0;1.0598484848484846;1.0;360.0;1.5;176.0;176000.0;31.0;2.0526384669551963;1.3368179721808178;31.0;724.7116511573174;0.0;0.0;0.0;0.0;0.0;0.0;0.0;0.0;36250.0;360.0;31.0;176.0;176000.0;31.0
22;0.0;1.3224654901016628;1.0;41639.0;6.809523809523809;1.4016414141414144;1.0;439.0;5.0;136.0;136000.0;24.0;1.0453173829740856;1.0098629952536442;24.0;650.8269723840999;0.0;0.0;0.0;0.0;0.0;0.0;0.0;0.0;41639.0;439.0;24.0;136.0;136000.0;24.0
22;0.0;1.1027157373824499;1.0;38150.0;3.0;1.1827020202020204;1.0;382.0;3.0;144.0;144000.0;25.0;1.1113428015874178;1.0114564298285245;25.0;661.4442846765722;0.0;0.0;0.0;0.0;0.0;0.0;0.0;0.0;38150.0;382.0;25.0;144.0;144000.0;25.0
22;0.0;1.068342865459621;1.0;37364.0;5.571428571428571;1.1103535353535354;1.0;370.0;5.0;160.0;160000.0;29.0;1.4522930108227257;1.066704593941118;29.0;708.9005533532687;0.0;0.0;0.0;0.0;0.0;0.0;0.0;0.0;37364.0;370.0;29.0;160.0;160000.0;29.0
22;0.0;1.021772345301757;1.0;36592.0;3.8739495798319328;1.071212121212121;1.0;363.0;3.0;168.0;168000.0;30.0;1.6005296290392894;1.0774056072976275;30.0;715.0151508880871;0.0;0.0;0.0;0.0;0.0;0.0;0.0;0.0;36592.0;363.0;30.0;168.0;168000.0;30.0
22;0.0;1.1003302745320749;1.0;38159.0;2.45;1.180808080808081;1.0;380.0;3.0;144.0;144000.0;25.0;1.111474184555239;1.0190482768459779;25.0;661.5478354462277;0.0;0.0;0.0;0.0;0.0;0.0;0.0;0.0;38159.0;380.0;25.0;144.0;144000.0;25.0
22;0.0;1.103647763143681;1.0;38293.0;2.45;1.177020202020202;1.0;379.0;3.0;144.0;144000.0;25.0;1.1114344594195125;1.0190482768459779;25.0;661.5490444488989;0.0;0.0;0.0;0.0;0.0;0.0;0.0;0.0;38293.0;379.0;25.0;144.0;144000.0;25.0
22;0.0;1.104591628021972;1.0;38331.0;2.45;1.1751262626262626;1.0;378.0;3.0;144.0;144000.0;25.0;1.1124673612152742;1.0190482768459779;25.0;661.4951939163253;0.0;0.0;0.0;0.0;0.0;0.0;0.0;0.0;38331.0;378.0;25.0;144.0;144000.0;25.0
22;0.0;1.2908899589164373;1.0;39409.0;8.304347826086957;1.1832070707070705;1.0;373.0;5.0;156.0;156000.0;27.0;1.2406898574112692;1.0722340234152083;27.0;684.8719081653869;0.0;0.0;0.0;0.0;0.0;0.0;0.0;0.0;39409.0;373.0;27.0;156.0;156000.0;27.0
22;0.0;1.2799849722872167;1.0;39299.0;8.304347826086957;1.1811868686868685;1.0;374.0;5.0;156.0;156000.0;27.0;1.2574904331946948;1.0801806061973562;27.0;684.590784515779;0.0;0.0;0.0;0.0;0.0;0.0;0.0;0.0;39299.0;374.0;27.0;156.0;156000.0;27.0
23;0.0;1.0;1.0;36250.0;1.0;1.0598484848484846;1.0;360.0;1.5;176.0;176000.0;31.0;2.0526384669551963;1.3368179721808178;31.0;724.7116511573174;0.0;0.0;0.0;0.0;0.0;0.0;0.0;0.0;36250.0;360.0;31.0;176.0;176000.0;31.0
23;0.0;1.3224654901016628;1.0;41639.0;6.809523809523809;1.4016414141414144;1.0;439.0;5.0;136.0;136000.0;24.0;1.0453173829740856;1.0098629952536442;24.0;650.8269723840999;0.0;0.0;0.0;0.0;0.0;0.0;0.0;0.0;41639.0;439.0;24.0;136.0;136000.0;24.0
23;0.0;1.1027157373824499;1.0;38150.0;3.0;1.1827020202020204;1.0;382.0;3.0;144.0;144000.0;25.0;1.1113428015874178;1.0114564298285245;25.0;661.4442846765722;0.0;0.0;0.0;0.0;0.0;0.0;0.0;0.0;38150.0;382.0;25.0;144.0;144000.0;25.0
23;0.0;1.068342865459621;1.0;37364.0;5.571428571428571;1.1103535353535354;1.0;370.0;5.0;160.0;160000.0;29.0;1.4522930108227257;1.066704593941118;29.0;708.9005533532687;0.0;0.0;0.0;0.0;0.0;0.0;0.0;0.0;37364.0;370.0;29.0;160.0;160000.0;29.0
23;0.0;1.021772345301757;1.0;36592.0;3.8739495798319328;1.071212121212121;1.0;363.0;3.0;168.0;168000.0;30.0;1.6005296290392894;1.0774056072976275;30.0;715.0151508880871;0.0;0.0;0.0;0.0;0.0;0.0;0.0;0.0;36592.0;363.0;30.0;168.0;168000.0;30.0
23;0.0;1.1003302745320749;1.0;38159.0;2.45;1.180808080808081;1.0;380.0;3.0;144.0;144000.0;25.0;1.111474184555239;1.0190482768459779;25.0;661.5478354462277;0.0;0.0;0.0;0.0;0.0;0.0;0.0;0.0;38159.0;380.0;25.0;144.0;144000.0;25.0
23;0.0;1.103647763143681;1.0;38293.0;2.45;1.177020202020202;1.0;379.0;3.0;144.0;144000.0;25.0;1.1114344594195125;1.0190482768459779;25.0;661.5490444488989;0.0;0.0;0.0;0.0;0.0;0.0;0.0;0.0;38293.0;379.0;25.0;144.0;144000.0;25.0
23;0.0;1.104591628021972;1.0;38331.0;2.45;1.1751262626262626;1.0;378.0;3.0;144.0;144000.0;25.0;1.1124673612152742;1.0190482768459779;25.0;661.4951939163253;0.0;0.0;0.0;0.0;0.0;0.0;0.0;0.0;38331.0;378.0;25.0;144.0;144000.0;25.0
23;0.0;1.2615483434383292;1.0;38919.0;8.304347826086957;1.124621212121212;1.0;362.0;3.0;148.0;148000.0;26.0;1.192589777382191;1.0237684918183838;26.0;673.7857412620308;0.0;0.0;0.0;0.0;0.0;0.0;0.0;0.0;38919.0;362.0;26.0;148.0;148000.0;26.0
23;0.0;1.259498432564889;1.0;38896.0;8.304347826086957;1.128409090909091;1.0;363.0;3.0;148.0;148000.0;26.0;1.1924693598178056;1.0353431644918707;26.0;673.7944406234357;0.0;0.0;0.0;0.0;0.0;0.0;0.0;0.0;38896.0;363.0;26.0;148.0;148000.0;26.0
24;0.0;1.0;1.0;36250.0;1.0;1.0598484848484846;1.0;360.0;1.5;176.0;176000.0;31.0;2.0526384669551963;1.3368179721808178;31.0;724.7116511573174;0.0;0.0;0.0;0.0;0.0;0.0;0.0;0.0;36250.0;360.0;31.0;176.0;176000.0;31.0
24;0.0;1.3224654901016628;1.0;41639.0;6.809523809523809;1.4016414141414144;1.0;439.0;5.0;136.0;136000.0;24.0;1.0453173829740856;1.0098629952536442;24.0;650.8269723840999;0.0;0.0;0.0;0.0;0.0;0.0;0.0;0.0;41639.0;439.0;24.0;136.0;136000.0;24.0
24;0.0;1.2549943141116053;1.0;38814.0;8.304347826086957;1.1267676767676766;1.0;364.0;3.0;148.0;148000.0;26.0;1.1697168922468875;1.0459570274366152;26.0;674.7463039738152;0.0;0.0;0.0;0.0;0.0;0.0;0.0;0.0;38814.0;364.0;26.0;148.0;148000.0;26.0
24;0.0;1.068342865459621;1.0;37364.0;5.571428571428571;1.1103535353535354;1.0;370.0;5.0;160.0;160000.0;29.0;1.4522930108227257;1.066704593941118;29.0;708.9005533532687;0.0;0.0;0.0;0.0;0.0;0.0;0.0;0.0;37364.0;370.0;29.0;160.0;160000.0;29.0
24;0.0;1.021772345301757;1.0;36592.0;3.8739495798319328;1.071212121212121;1.0;363.0;3.0;168.0;168000.0;30.0;1.6005296290392894;1.0774056072976275;30.0;715.0151508880871;0.0;0.0;0.0;0.0;0.0;0.0;0.0;0.0;36592.0;363.0;30.0;168.0;168000.0;30.0
24;0.0;1.085947124533137;1.0;38013.0;3.6;1.181060606060606;1.0;382.0;5.0;144.0;144000.0;25.0;1.1259860820075058;1.0118350978613182;25.0;660.7763390689138;0.0;0.0;0.0;0.0;0.0;0.0;0.0;0.0;38013.0;382.0;25.0;144.0;144000.0;25.0
24;0.0;1.103647763143681;1.0;38293.0;2.45;1.177020202020202;1.0;379.0;3.0;144.0;144000.0;25.0;1.1114344594195125;1.0190482768459779;25.0;661.5490444488989;0.0;0.0;0.0;0.0;0.0;0.0;0.0;0.0;38293.0;379.0;25.0;144.0;144000.0;25.0
24;0.0;1.104591628021972;1.0;38331.0;2.45;1.1751262626262626;1.0;378.0;3.0;144.0;144000.0;25.0;1.1124673612152742;1.0190482768459779;25.0;661.4951939163253;0.0;0.0;0.0;0.0;0.0;0.0;0.0;0.0;38331.0;378.0;25.0;144.0;144000.0;25.0
24;0.0;1.085518046448773;1.0;38146.0;2.4;1.170959595959596;1.0;380.0;3.0;144.0;144000.0;25.0;1.1220247773738266;1.0171594804349375;25.0;660.9745261013408;0.0;0.0;0.0;0.0;0.0;0.0;0.0;0.0;38146.0;380.0;25.0;144.0;144000.0;25.0
24;0.0;1.0866852752712874;1.0;38051.0;3.6;1.1785353535353535;1.0;381.0;5.0;144.0;144000.0;25.0;1.1117140778454024;1.0216035088675184;25.0;661.4306728506637;0.0;0.0;0.0;0.0;0.0;0.0;0.0;0.0;38051.0;381.0;25.0;144.0;144000.0;25.0
24;0.0;1.2570651235940442;1.0;38908.0;8.304347826086957;1.1214646464646465;1.0;361.0;3.0;148.0;148000.0;26.0;1.1559803326404245;1.064630147486763;26.0;675.4285420860932;0.0;0.0;0.0;0.0;0.0;0.0;0.0;0.0;38908.0;361.0;26.0;148.0;148000.0;26.0
24;0.0;1.2541851978379304;1.0;38823.0;8.304347826086957;1.124621212121212;1.0;362.0;3.0;148.0;148000.0;26.0;1.1668878351259007;1.0638738009255702;26.0;674.9720315846909;0.0;0.0;0.0;0.0;0.0;0.0;0.0;0.0;38823.0;362.0;26.0;148.0;148000.0;26.0
25;0.0;1.0;1.0;36250.0;1.0;1.0598484848484846;1.0;360.0;1.5;176.0;176000.0;31.0;2.0526384669551963;1.3368179721808178;31.0;724.7116511573174;0.0;0.0;0.0;0.0;0.0;0.0;0.0;0.0;36250.0;360.0;31.0;176.0;176000.0;31.0
25;0.0;1.3224654901016628;1.0;41639.0;6.809523809523809;1.4016414141414144;1.0;439.0;5.0;136.0;136000.0;24.0;1.0453173829740856;1.0098629952536442;24.0;650.8269723840999;0.0;0.0;0.0;0.0;0.0;0.0;0.0;0.0;41639.0;439.0;24.0;136.0;136000.0;24.0
25;0.0;1.2549943141116053;1.0;38814.0;8.304347826086957;1.1267676767676766;1.0;364.0;3.0;148.0;148000.0;26.0;1.1697168922468875;1.0459570274366152;26.0;674.7463039738152;0.0;0.0;0.0;0.0;0.0;0.0;0.0;0.0;38814.0;364.0;26.0;148.0;148000.0;26.0
25;0.0;1.068342865459621;1.0;37364.0;5.571428571428571;1.1103535353535354;1.0;370.0;5.0;160.0;160000.0;29.0;1.4522930108227257;1.066704593941118;29.0;708.9005533532687;0.0;0.0;0.0;0.0;0.0;0.0;0.0;0.0;37364.0;370.0;29.0;160.0;160000.0;29.0
25;0.0;1.021772345301757;1.0;36592.0;3.8739495798319328;1.071212121212121;1.0;363.0;3.0;168.0;168000.0;30.0;1.6005296290392894;1.0774056072976275;30.0;715.0151508880871;0.0;0.0;0.0;0.0;0.0;0.0;0.0;0.0;36592.0;363.0;30.0;168.0;168000.0;30.0
25;0.0;1.0755412660846861;1.0;37918.0;2.4;1.1727272727272726;1.0;383.0;3.0;144.0;144000.0;25.0;1.1197857412867211;1.01061652661206;25.0;661.1049995842924;0.0;0.0;0.0;0.0;0.0;0.0;0.0;0.0;37918.0;383.0;25.0;144.0;144000.0;25.0
25;0.0;1.103647763143681;1.0;38293.0;2.45;1.177020202020202;1.0;379.0;3.0;144.0;144000.0;25.0;1.1114344594195125;1.0190482768459779;25.0;661.5490444488989;0.0;0.0;0.0;0.0;0.0;0.0;0.0;0.0;38293.0;379.0;25.0;144.0;144000.0;25.0
25;0.0;1.104591628021972;1.0;38331.0;2.45;1.1751262626262626;1.0;378.0;3.0;144.0;144000.0;25.0;1.1124673612152742;1.0190482768459779;25.0;661.4951939163253;0.0;0.0;0.0;0.0;0.0;0.0;0.0;0.0;38331.0;378.0;25.0;144.0;144000.0;25.0
25;0.0;1.085518046448773;1.0;38146.0;2.4;1.170959595959596;1.0;380.0;3.0;144.0;144000.0;25.0;1.1220247773738266;1.0171594804349375;25.0;660.9745261013408;0.0;0.0;0.0;0.0;0.0;0.0;0.0;0.0;38146.0;380.0;25.0;144.0;144000.0;25.0
25;0.0;1.0866852752712874;1.0;38051.0;3.6;1.1785353535353535;1.0;381.0;5.0;144.0;144000.0;25.0;1.1117140778454024;1.0216035088675184;25.0;661.4306728506637;0.0;0.0;0.0;0.0;0.0;0.0;0.0;0.0;38051.0;381.0;25.0;144.0;144000.0;25.0
25;0.0;1.0762679312916323;1.0;37916.0;2.4;1.174621212121212;1.0;384.0;3.0;144.0;144000.0;25.0;1.1383241143087472;1.0159573027010917;25.0;660.5320200418583;0.0;0.0;0.0;0.0;0.0;0.0;0.0;0.0;37916.0;384.0;25.0;144.0;144000.0;25.0
25;0.0;1.0839751873946104;1.0;37933.0;3.6;1.1804292929292928;1.0;382.0;5.0;144.0;144000.0;25.0;1.1261223879405364;1.0159573027010917;25.0;660.7927170628338;0.0;0.0;0.0;0.0;0.0;0.0;0.0;0.0;37933.0;382.0;25.0;144.0;144000.0;25.0
25;0.0;1.2546063731426353;1.0;38817.0;8.304347826086957;1.1220959595959596;1.0;361.0;3.0;148.0;148000.0;26.0;1.1695452322326458;1.0462731749508252;26.0;674.764914637345;0.0;0.0;0.0;0.0;0.0;0.0;0.0;0.0;38817.0;361.0;26.0;148.0;148000.0;26.0
25;0.0;1.120961038267739;1.0;38609.0;3.388571428571429;1.1416666666666664;1.0;373.0;3.0;148.0;148000.0;26.0;1.1649110830715483;1.0613658126995957;26.0;675.1126033032575;0.0;0.0;0.0;0.0;0.0;0.0;0.0;0.0;38609.0;373.0;26.0;148.0;148000.0;26.0
25;0.0;1.1243946458581784;1.0;38687.0;3.388571428571429;1.128787878787879;1.0;368.0;3.0;148.0;148000.0;26.0;1.1546918147049599;1.0637581155879567;26.0;675.6780480949733;0.0;0.0;0.0;0.0;0.0;0.0;0.0;0.0;38687.0;368.0;26.0;148.0;148000.0;26.0
25;0.0;1.1223447349847384;1.0;38664.0;3.388571428571429;1.1325757575757578;1.0;369.0;3.0;148.0;148000.0;26.0;1.1546918147049599;1.0637581155879567;26.0;675.6780480949733;0.0;0.0;0.0;0.0;0.0;0.0;0.0;0.0;38664.0;369.0;26.0;148.0;148000.0;26.0
25;0.0;1.1214008701064473;1.0;38626.0;3.388571428571429;1.134469696969697;1.0;370.0;3.0;148.0;148000.0;26.0;1.1642490309917688;1.0554163969491432;26.0;675.1756587527806;0.0;0.0;0.0;0.0;0.0;0.0;0.0;0.0;38626.0;370.0;26.0;148.0;148000.0;26.0
