iteration;solutionIndex;UNFEASIBLE;MEAN_DELAY_INDEX;MEDIAN_DELAY_INDEX;TOTAL_DELAY;MAX_DELAY_INDEX;MEAN_HOPS_INDEX;MEDIAN_HOPS_INDEX;TOTAL_NUMBER_OF_HOPS;MAX_HOPS_INDEX;TOTAL_USED_CPU;TOTAL_USED_RAM;TOTAL_USED_HDD;MEAN_INVERSE_LOAD_INDEX;MEDIAN_INVERSE_LOAD_INDEX;NUMBER_OF_VNF_INSTANCES;TOTAL_ROOTED_VNF_LOADS;NUMBER_OF_DELAY_VIOLATIONS;NUMBER_OF_CPU_VIOLATIONS;NUMBER_OF_RAM_VIOLATIONS;NUMBER_OF_HDD_VIOLATIONS;NUMBER_OF_EXCESSIVE_VNFS;NUMBER_OF_CONGESTED_LINKS;TOTAL_OVERLOADED_VNF_CAPACITY;TOTAL_ROOTED_EXCESSIVE_VNF_CAPACITY;obj0;obj1;obj2;obj3;obj4;obj5
0;0;0.0;1.0;1.0;36250.0;1.0;1.0598484848484846;1.0;360.0;1.5;184.0;184000.0;33.0;4.69356897242109;1.5163692055741733;33.0;734.7592646710107;0.0;0.0;0.0;0.0;0.0;0.0;0.0;0.0;36250.0;360.0;33.0;184.0;184000.0;33.0
0;1;0.0;1.0;1.0;36250.0;1.0;1.0598484848484846;1.0;360.0;1.5;184.0;184000.0;33.0;3.408553388925585;1.3530070581868205;33.0;734.7542216457258;0.0;0.0;0.0;0.0;0.0;0.0;0.0;0.0;36250.0;360.0;33.0;184.0;184000.0;33.0
0;2;0.0;1.0;1.0;36250.0;1.0;1.0598484848484846;1.0;360.0;1.5;192.0;192000.0;35.0;3.5812533695879543;1.343494129677039;35.0;742.375247909788;0.0;0.0;0.0;0.0;0.0;0.0;0.0;0.0;36250.0;360.0;35.0;192.0;192000.0;35.0
0;3;0.0;1.0;1.0;36250.0;1.0;1.0598484848484846;1.0;360.0;1.5;192.0;192000.0;35.0;4.070480800351147;1.4588672382184316;35.0;747.1705701444727;0.0;0.0;0.0;0.0;0.0;0.0;0.0;0.0;36250.0;360.0;35.0;192.0;192000.0;35.0
0;4;0.0;1.0;1.0;36250.0;1.0;1.0598484848484846;1.0;360.0;1.5;184.0;184000.0;34.0;3.790901315126131;1.2163246992299317;34.0;740.6790901613034;0.0;0.0;0.0;0.0;0.0;0.0;0.0;0.0;36250.0;360.0;34.0;184.0;184000.0;34.0
0;5;0.0;1.0;1.0;36250.0;1.0;1.0598484848484846;1.0;360.0;1.5;184.0;184000.0;33.0;4.496561393607477;1.1911946888599474;33.0;727.0918332296906;0.0;0.0;0.0;0.0;0.0;0.0;0.0;0.0;36250.0;360.0;33.0;184.0;184000.0;33.0
0;6;0.0;1.0;1.0;36250.0;1.0;1.0598484848484846;1.0;360.0;1.5;184.0;184000.0;34.0;3.112524318576094;1.1632099943002712;34.0;745.0577141857455;0.0;0.0;0.0;0.0;0.0;0.0;0.0;0.0;36250.0;360.0;34.0;184.0;184000.0;34.0
0;7;0.0;1.0;1.0;36250.0;1.0;1.0598484848484846;1.0;360.0;1.5;176.0;176000.0;31.0;2.0526384669551963;1.3368179721808178;31.0;724.7116511573174;0.0;0.0;0.0;0.0;0.0;0.0;0.0;0.0;36250.0;360.0;31.0;176.0;176000.0;31.0
0;8;0.0;1.0;1.0;36250.0;1.0;1.0598484848484846;1.0;360.0;1.5;192.0;192000.0;34.0;2.5782194685037076;1.3611985807236129;34.0;747.0178335205778;0.0;0.0;0.0;0.0;0.0;0.0;0.0;0.0;36250.0;360.0;34.0;192.0;192000.0;34.0
0;9;0.0;1.0;1.0;36250.0;1.0;1.0598484848484846;1.0;360.0;1.5;200.0;200000.0;36.0;4.034963352794019;1.3076434666500063;36.0;753.4282921923783;0.0;0.0;0.0;0.0;0.0;0.0;0.0;0.0;36250.0;360.0;36.0;200.0;200000.0;36.0
0;10;0.0;1.0;1.0;36250.0;1.0;1.0598484848484846;1.0;360.0;1.5;184.0;184000.0;33.0;2.6765972027203975;1.2844133584697783;33.0;736.290048348473;0.0;0.0;0.0;0.0;0.0;0.0;0.0;0.0;36250.0;360.0;33.0;184.0;184000.0;33.0
0;11;0.0;1.0;1.0;36250.0;1.0;1.0598484848484846;1.0;360.0;1.5;200.0;200000.0;36.0;3.444668952005305;1.3771680833645747;36.0;759.7205376181596;0.0;0.0;0.0;0.0;0.0;0.0;0.0;0.0;36250.0;360.0;36.0;200.0;200000.0;36.0
0;12;0.0;1.0;1.0;36250.0;1.0;1.0598484848484846;1.0;360.0;1.5;184.0;184000.0;33.0;14.197911163863917;1.168013559339631;33.0;715.0742324700637;0.0;0.0;0.0;0.0;0.0;0.0;0.0;0.0;36250.0;360.0;33.0;184.0;184000.0;33.0
0;13;0.0;1.0;1.0;36250.0;1.0;1.0598484848484846;1.0;360.0;1.5;176.0;176000.0;31.0;1.633038225483233;1.1891721908119275;31.0;726.6809007112765;0.0;0.0;0.0;0.0;0.0;0.0;0.0;0.0;36250.0;360.0;31.0;176.0;176000.0;31.0
0;14;0.0;1.0;1.0;36250.0;1.0;1.0598484848484846;1.0;360.0;1.5;200.0;200000.0;35.0;4.400731680596431;1.3580846780886615;35.0;744.7882153673332;0.0;0.0;0.0;0.0;0.0;0.0;0.0;0.0;36250.0;360.0;35.0;200.0;200000.0;35.0
0;15;0.0;1.0;1.0;36250.0;1.0;1.0598484848484846;1.0;360.0;1.5;184.0;184000.0;33.0;2.0956132446721516;1.2366136571612296;33.0;740.3593948753097;0.0;0.0;0.0;0.0;0.0;0.0;0.0;0.0;36250.0;360.0;33.0;184.0;184000.0;33.0
1;0;1.0;1.7143748144055744;1.0;47665.0;16.944444444444443;1.6512626262626262;1.0;479.0;10.0;144.0;144000.0;26.0;1.7566346091731448;1.0059518819683126;26.0;666.200212352377;5.0;0.0;0.0;0.0;0.0;0.0;0.0;0.0;47665.0;479.0;26.0;144.0;144000.0;26.0
1;1;0.0;5.290570602106915;1.0;43915.0;337.0;1.5085858585858583;1.0;473.0;7.0;156.0;156000.0;28.0;1.3084094701621234;1.0717922152158765;28.0;699.3526260117866;0.0;0.0;0.0;0.0;0.0;0.0;0.0;0.0;43915.0;473.0;28.0;156.0;156000.0;28.0
1;2;1.0;1.1606774302224099;1.0;39463.0;6.651162790697675;1.1676767676767674;1.0;391.0;6.0;160.0;160000.0;29.0;1.6477462079935665;1.0178617777634522;29.0;703.0887623315617;3.0;0.0;0.0;0.0;0.0;0.0;0.0;0.0;39463.0;391.0;29.0;160.0;160000.0;29.0
1;3;0.0;7.505345468792232;1.0;46211.0;446.0;1.667929292929293;1.0;482.0;9.0;156.0;156000.0;28.0;1.4413229026800072;1.1044028861728759;28.0;695.5902604968103;0.0;0.0;0.0;0.0;0.0;0.0;0.0;0.0;46211.0;482.0;28.0;156.0;156000.0;28.0
1;4;0.0;9.304848384247988;1.0;53178.0;531.0;2.0595959595959594;1.25;553.0;9.0;152.0;152000.0;27.0;1.3292915692527367;1.0153463967048624;27.0;683.4466767660198;0.0;0.0;0.0;0.0;0.0;0.0;0.0;0.0;53178.0;553.0;27.0;152.0;152000.0;27.0
1;5;0.0;2.127992772303846;1.0;40090.0;117.0;1.264393939393939;1.0;402.0;5.0;160.0;160000.0;29.0;1.4491254560335152;1.1286794951542032;29.0;709.1510650708238;0.0;0.0;0.0;0.0;0.0;0.0;0.0;0.0;40090.0;402.0;29.0;160.0;160000.0;29.0
1;6;1.0;2.0181564198647504;1.0;51783.0;18.846153846153847;1.763131313131313;1.0;514.0;10.0;140.0;140000.0;25.0;1.1289603997395254;1.005671990023734;25.0;662.9887592347261;6.0;0.0;0.0;0.0;0.0;0.0;0.0;0.0;51783.0;514.0;25.0;140.0;140000.0;25.0
1;7;0.0;2.032204236194531;1.0;48612.0;19.923076923076923;1.6545454545454548;1.0;508.0;7.0;144.0;144000.0;26.0;1.4972644120418377;1.0208120900447002;26.0;671.4055781799;0.0;0.0;0.0;0.0;0.0;0.0;0.0;0.0;48612.0;508.0;26.0;144.0;144000.0;26.0
1;8;0.0;1.0;1.0;36250.0;1.0;1.0598484848484846;1.0;360.0;1.5;192.0;192000.0;34.0;2.5782194685037076;1.3611985807236129;34.0;747.0178335205778;0.0;0.0;0.0;0.0;0.0;0.0;0.0;0.0;36250.0;360.0;34.0;192.0;192000.0;34.0
1;9;0.0;1.0;1.0;36250.0;1.0;1.0598484848484846;1.0;360.0;1.5;200.0;200000.0;36.0;4.034963352794019;1.3076434666500063;36.0;753.4282921923783;0.0;0.0;0.0;0.0;0.0;0.0;0.0;0.0;36250.0;360.0;36.0;200.0;200000.0;36.0
1;10;0.0;1.0;1.0;36250.0;1.0;1.0598484848484846;1.0;360.0;1.5;184.0;184000.0;33.0;2.6765972027203975;1.2844133584697783;33.0;736.290048348473;0.0;0.0;0.0;0.0;0.0;0.0;0.0;0.0;36250.0;360.0;33.0;184.0;184000.0;33.0
1;11;0.0;1.0;1.0;36250.0;1.0;1.0598484848484846;1.0;360.0;1.5;200.0;200000.0;36.0;3.444668952005305;1.3771680833645747;36.0;759.7205376181596;0.0;0.0;0.0;0.0;0.0;0.0;0.0;0.0;36250.0;360.0;36.0;200.0;200000.0;36.0
1;12;0.0;1.0;1.0;36250.0;1.0;1.0598484848484846;1.0;360.0;1.5;184.0;184000.0;33.0;14.197911163863917;1.168013559339631;33.0;715.0742324700637;0.0;0.0;0.0;0.0;0.0;0.0;0.0;0.0;36250.0;360.0;33.0;184.0;184000.0;33.0
1;13;0.0;1.0;1.0;36250.0;1.0;1.0598484848484846;1.0;360.0;1.5;176.0;176000.0;31.0;1.633038225483233;1.1891721908119275;31.0;726.6809007112765;0.0;0.0;0.0;0.0;0.0;0.0;0.0;0.0;36250.0;360.0;31.0;176.0;176000.0;31.0
1;14;0.0;1.0;1.0;36250.0;1.0;1.0598484848484846;1.0;360.0;1.5;200.0;200000.0;35.0;4.400731680596431;1.3580846780886615;35.0;744.7882153673332;0.0;0.0;0.0;0.0;0.0;0.0;0.0;0.0;36250.0;360.0;35.0;200.0;200000.0;35.0
1;15;0.0;1.0;1.0;36250.0;1.0;1.0598484848484846;1.0;360.0;1.5;184.0;184000.0;33.0;2.0956132446721516;1.2366136571612296;33.0;740.3593948753097;0.0;0.0;0.0;0.0;0.0;0.0;0.0;0.0;36250.0;360.0;33.0;184.0;184000.0;33.0
2;0;1.0;1.6582019484348256;1.0;46571.0;16.944444444444443;1.5250000000000001;1.0;463.0;7.0;152.0;152000.0;27.0;1.3253360085969481;1.0507868642301643;27.0;684.0668742898625;3.0;0.0;0.0;0.0;0.0;0.0;0.0;0.0;46571.0;463.0;27.0;152.0;152000.0;27.0
2;1;0.0;6.824632839732346;1.0;44100.0;541.0;1.407449494949495;1.0;436.0;7.0;160.0;160000.0;29.0;1.4220752612736387;1.0443912707456722;29.0;709.2847606204715;0.0;0.0;0.0;0.0;0.0;0.0;0.0;0.0;44100.0;436.0;29.0;160.0;160000.0;29.0
2;2;0.0;5.930372576053861;1.0;48912.0;403.0;1.6868686868686869;1.0;499.0;7.0;152.0;152000.0;27.0;1.359896857819108;1.0397208003077574;27.0;683.7269559830072;0.0;0.0;0.0;0.0;0.0;0.0;0.0;0.0;48912.0;499.0;27.0;152.0;152000.0;27.0
2;3;0.0;4.377155767210813;1.0;44046.0;262.0;1.5131313131313133;1.0;455.0;8.0;152.0;152000.0;27.0;1.2417145974308341;1.0723630592373357;27.0;687.1079510875653;0.0;0.0;0.0;0.0;0.0;0.0;0.0;0.0;44046.0;455.0;27.0;152.0;152000.0;27.0
2;4;0.0;9.496665456693894;1.063013698630137;51359.0;541.0;1.8165404040404043;1.25;517.0;7.0;152.0;152000.0;27.0;1.4006293287735578;1.01858694827955;27.0;682.4364735771265;0.0;0.0;0.0;0.0;0.0;0.0;0.0;0.0;51359.0;517.0;27.0;152.0;152000.0;27.0
2;5;0.0;2.127992772303846;1.0;40090.0;117.0;1.264393939393939;1.0;402.0;5.0;160.0;160000.0;29.0;1.4491254560335152;1.1286794951542032;29.0;709.1510650708238;0.0;0.0;0.0;0.0;0.0;0.0;0.0;0.0;40090.0;402.0;29.0;160.0;160000.0;29.0
2;6;0.0;7.858748422026019;1.0;50069.0;446.0;1.6746212121212118;1.2;494.0;7.0;160.0;160000.0;28.0;1.333506933233387;1.0595352878227615;28.0;696.2290341738299;0.0;0.0;0.0;0.0;0.0;0.0;0.0;0.0;50069.0;494.0;28.0;160.0;160000.0;28.0
2;7;0.0;2.032204236194531;1.0;48612.0;19.923076923076923;1.6545454545454548;1.0;508.0;7.0;144.0;144000.0;26.0;1.4972644120418377;1.0208120900447002;26.0;671.4055781799;0.0;0.0;0.0;0.0;0.0;0.0;0.0;0.0;48612.0;508.0;26.0;144.0;144000.0;26.0
2;8;0.0;1.0;1.0;36250.0;1.0;1.0598484848484846;1.0;360.0;1.5;192.0;192000.0;34.0;2.5782194685037076;1.3611985807236129;34.0;747.0178335205778;0.0;0.0;0.0;0.0;0.0;0.0;0.0;0.0;36250.0;360.0;34.0;192.0;192000.0;34.0
2;9;0.0;1.0;1.0;36250.0;1.0;1.0598484848484846;1.0;360.0;1.5;200.0;200000.0;36.0;4.034963352794019;1.3076434666500063;36.0;753.4282921923783;0.0;0.0;0.0;0.0;0.0;0.0;0.0;0.0;36250.0;360.0;36.0;200.0;200000.0;36.0
2;10;0.0;1.0;1.0;36250.0;1.0;1.0598484848484846;1.0;360.0;1.5;184.0;184000.0;33.0;2.6765972027203975;1.2844133584697783;33.0;736.290048348473;0.0;0.0;0.0;0.0;0.0;0.0;0.0;0.0;36250.0;360.0;33.0;184.0;184000.0;33.0
2;11;0.0;1.0;1.0;36250.0;1.0;1.0598484848484846;1.0;360.0;1.5;200.0;200000.0;36.0;3.444668952005305;1.3771680833645747;36.0;759.7205376181596;0.0;0.0;0.0;0.0;0.0;0.0;0.0;0.0;36250.0;360.0;36.0;200.0;200000.0;36.0
2;12;0.0;1.0;1.0;36250.0;1.0;1.0598484848484846;1.0;360.0;1.5;184.0;184000.0;33.0;14.197911163863917;1.168013559339631;33.0;715.0742324700637;0.0;0.0;0.0;0.0;0.0;0.0;0.0;0.0;36250.0;360.0;33.0;184.0;184000.0;33.0
2;13;0.0;1.0;1.0;36250.0;1.0;1.0598484848484846;1.0;360.0;1.5;176.0;176000.0;31.0;1.633038225483233;1.1891721908119275;31.0;726.6809007112765;0.0;0.0;0.0;0.0;0.0;0.0;0.0;0.0;36250.0;360.0;31.0;176.0;176000.0;31.0
2;14;0.0;1.0;1.0;36250.0;1.0;1.0598484848484846;1.0;360.0;1.5;200.0;200000.0;35.0;4.400731680596431;1.3580846780886615;35.0;744.7882153673332;0.0;0.0;0.0;0.0;0.0;0.0;0.0;0.0;36250.0;360.0;35.0;200.0;200000.0;35.0
2;15;0.0;1.0;1.0;36250.0;1.0;1.0598484848484846;1.0;360.0;1.5;184.0;184000.0;33.0;2.0956132446721516;1.2366136571612296;33.0;740.3593948753097;0.0;0.0;0.0;0.0;0.0;0.0;0.0;0.0;36250.0;360.0;33.0;184.0;184000.0;33.0
3;0;1.0;3.1970227200426797;1.5029239766081872;55795.0;117.0;1.990151515151515;1.5;569.0;8.0;152.0;152000.0;27.0;1.2561893746288293;1.0604641298008093;27.0;686.186393668634;3.0;0.0;0.0;0.0;0.0;0.0;0.0;0.0;55795.0;569.0;27.0;152.0;152000.0;27.0
3;1;0.0;5.266135189687409;1.0;45382.0;351.0;1.5204545454545453;1.0;461.0;7.0;156.0;156000.0;28.0;1.3734018959760248;1.0115297533047518;28.0;696.6378149677306;0.0;0.0;0.0;0.0;0.0;0.0;0.0;0.0;45382.0;461.0;28.0;156.0;156000.0;28.0
3;2;0.0;5.930372576053861;1.0;48912.0;403.0;1.6868686868686869;1.0;499.0;7.0;152.0;152000.0;27.0;1.359896857819108;1.0397208003077574;27.0;683.7269559830072;0.0;0.0;0.0;0.0;0.0;0.0;0.0;0.0;48912.0;499.0;27.0;152.0;152000.0;27.0
3;3;0.0;7.137855493390238;1.1142857142857143;52939.0;519.0;1.9666666666666663;1.3333333333333333;558.0;10.0;160.0;160000.0;28.0;1.3050930032170913;1.084987034404939;28.0;697.1628316439705;0.0;0.0;0.0;0.0;0.0;0.0;0.0;0.0;52939.0;558.0;28.0;160.0;160000.0;28.0
3;4;0.0;9.183136689677491;1.0;49402.0;609.0;1.7954545454545454;1.0;503.0;9.0;156.0;156000.0;28.0;1.4338019747676254;1.0248614301941255;28.0;694.5785029657227;0.0;0.0;0.0;0.0;0.0;0.0;0.0;0.0;49402.0;503.0;28.0;156.0;156000.0;28.0
3;5;1.0;3.4101719748612203;1.0;44902.0;235.0;1.415909090909091;1.0;443.0;7.0;164.0;164000.0;30.0;1.5560703669851088;1.2610252134985744;30.0;719.9701523008849;3.0;0.0;0.0;0.0;0.0;0.0;0.0;0.0;44902.0;443.0;30.0;164.0;164000.0;30.0
3;6;0.0;7.877546158542468;1.0;49968.0;446.0;1.6998737373737371;1.0;492.0;11.0;152.0;152000.0;27.0;1.250940301214651;1.05899546043946;27.0;686.7770141408699;0.0;0.0;0.0;0.0;0.0;0.0;0.0;0.0;49968.0;492.0;27.0;152.0;152000.0;27.0
3;7;0.0;2.0638616586177543;1.0;51196.0;19.923076923076923;1.7345959595959597;1.0;526.0;8.0;152.0;152000.0;27.0;1.262186138714984;1.0684750012465545;27.0;686.0235217832221;0.0;0.0;0.0;0.0;0.0;0.0;0.0;0.0;51196.0;526.0;27.0;152.0;152000.0;27.0
3;8;0.0;1.0;1.0;36250.0;1.0;1.0598484848484846;1.0;360.0;1.5;192.0;192000.0;34.0;2.5782194685037076;1.3611985807236129;34.0;747.0178335205778;0.0;0.0;0.0;0.0;0.0;0.0;0.0;0.0;36250.0;360.0;34.0;192.0;192000.0;34.0
3;9;0.0;1.0;1.0;36250.0;1.0;1.0598484848484846;1.0;360.0;1.5;200.0;200000.0;36.0;4.034963352794019;1.3076434666500063;36.0;753.4282921923783;0.0;0.0;0.0;0.0;0.0;0.0;0.0;0.0;36250.0;360.0;36.0;200.0;200000.0;36.0
3;10;0.0;1.0;1.0;36250.0;1.0;1.0598484848484846;1.0;360.0;1.5;184.0;184000.0;33.0;2.6765972027203975;1.2844133584697783;33.0;736.290048348473;0.0;0.0;0.0;0.0;0.0;0.0;0.0;0.0;36250.0;360.0;33.0;184.0;184000.0;33.0
3;11;0.0;1.0;1.0;36250.0;1.0;1.0598484848484846;1.0;360.0;1.5;200.0;200000.0;36.0;3.444668952005305;1.3771680833645747;36.0;759.7205376181596;0.0;0.0;0.0;0.0;0.0;0.0;0.0;0.0;36250.0;360.0;36.0;200.0;200000.0;36.0
3;12;0.0;1.0;1.0;36250.0;1.0;1.0598484848484846;1.0;360.0;1.5;184.0;184000.0;33.0;14.197911163863917;1.168013559339631;33.0;715.0742324700637;0.0;0.0;0.0;0.0;0.0;0.0;0.0;0.0;36250.0;360.0;33.0;184.0;184000.0;33.0
3;13;0.0;1.0;1.0;36250.0;1.0;1.0598484848484846;1.0;360.0;1.5;176.0;176000.0;31.0;1.633038225483233;1.1891721908119275;31.0;726.6809007112765;0.0;0.0;0.0;0.0;0.0;0.0;0.0;0.0;36250.0;360.0;31.0;176.0;176000.0;31.0
3;14;0.0;1.0;1.0;36250.0;1.0;1.0598484848484846;1.0;360.0;1.5;200.0;200000.0;35.0;4.400731680596431;1.3580846780886615;35.0;744.7882153673332;0.0;0.0;0.0;0.0;0.0;0.0;0.0;0.0;36250.0;360.0;35.0;200.0;200000.0;35.0
3;15;0.0;1.0;1.0;36250.0;1.0;1.0598484848484846;1.0;360.0;1.5;184.0;184000.0;33.0;2.0956132446721516;1.2366136571612296;33.0;740.3593948753097;0.0;0.0;0.0;0.0;0.0;0.0;0.0;0.0;36250.0;360.0;33.0;184.0;184000.0;33.0
4;0;1.0;3.8882772483836705;1.8645833333333333;60693.0;169.0;2.1309343434343435;1.6666666666666667;609.0;10.0;148.0;148000.0;26.0;1.175607693435889;1.0185500600378674;26.0;674.4091025036331;3.0;0.0;0.0;0.0;0.0;0.0;0.0;0.0;60693.0;609.0;26.0;148.0;148000.0;26.0
4;1;1.0;4.701698514130556;1.0;48461.0;262.0;1.6457070707070705;1.0;493.0;6.0;148.0;148000.0;26.0;1.206287098341067;1.0297989489185395;26.0;673.5250068054247;2.0;0.0;0.0;0.0;0.0;0.0;0.0;0.0;48461.0;493.0;26.0;148.0;148000.0;26.0
4;2;0.0;5.291272830920409;1.0;48568.0;320.0;1.6691919191919191;1.0;498.0;7.0;152.0;152000.0;27.0;1.2489113763537718;1.0384144104229114;27.0;686.7641840344472;0.0;0.0;0.0;0.0;0.0;0.0;0.0;0.0;48568.0;498.0;27.0;152.0;152000.0;27.0
4;3;0.0;7.182194359933074;1.1639871382636655;53998.0;519.0;2.022222222222222;1.3333333333333333;571.0;8.0;152.0;152000.0;27.0;1.2371158250886505;1.126354441215562;27.0;687.2740350538875;0.0;0.0;0.0;0.0;0.0;0.0;0.0;0.0;53998.0;571.0;27.0;152.0;152000.0;27.0
4;4;1.0;6.749849466157311;1.4215686274509804;54743.0;351.0;2.1171717171717175;1.5;582.0;7.0;144.0;144000.0;26.0;1.1972860342656568;1.012839427813246;26.0;675.7614303163612;2.0;0.0;0.0;0.0;0.0;0.0;0.0;0.0;54743.0;582.0;26.0;144.0;144000.0;26.0
4;5;1.0;1.7876479380211001;1.0;47120.0;14.461538461538462;1.5020202020202023;1.0;466.0;7.0;160.0;160000.0;28.0;1.6599349286504324;1.056767805216558;28.0;691.7743232613134;1.0;0.0;0.0;0.0;0.0;0.0;0.0;0.0;47120.0;466.0;28.0;160.0;160000.0;28.0
4;6;0.0;8.06656735597051;1.0;53892.0;446.0;1.9587121212121212;1.3333333333333333;544.0;11.0;144.0;144000.0;25.0;1.1289405912733816;1.0109803701311468;25.0;660.8472258709048;0.0;0.0;0.0;0.0;0.0;0.0;0.0;0.0;53892.0;544.0;25.0;144.0;144000.0;25.0
4;7;0.0;4.22488816264369;1.014218009478673;50925.0;285.0;1.7710858585858587;1.25;532.0;7.0;156.0;156000.0;28.0;1.7568658886837514;1.0715682580050616;28.0;689.8804431674903;0.0;0.0;0.0;0.0;0.0;0.0;0.0;0.0;50925.0;532.0;28.0;156.0;156000.0;28.0
4;8;0.0;1.0;1.0;36250.0;1.0;1.0598484848484846;1.0;360.0;1.5;192.0;192000.0;34.0;2.5782194685037076;1.3611985807236129;34.0;747.0178335205778;0.0;0.0;0.0;0.0;0.0;0.0;0.0;0.0;36250.0;360.0;34.0;192.0;192000.0;34.0
4;9;0.0;1.0;1.0;36250.0;1.0;1.0598484848484846;1.0;360.0;1.5;200.0;200000.0;36.0;4.034963352794019;1.3076434666500063;36.0;753.4282921923783;0.0;0.0;0.0;0.0;0.0;0.0;0.0;0.0;36250.0;360.0;36.0;200.0;200000.0;36.0
4;10;0.0;1.0;1.0;36250.0;1.0;1.0598484848484846;1.0;360.0;1.5;184.0;184000.0;33.0;2.6765972027203975;1.2844133584697783;33.0;736.290048348473;0.0;0.0;0.0;0.0;0.0;0.0;0.0;0.0;36250.0;360.0;33.0;184.0;184000.0;33.0
4;11;0.0;1.0;1.0;36250.0;1.0;1.0598484848484846;1.0;360.0;1.5;200.0;200000.0;36.0;3.444668952005305;1.3771680833645747;36.0;759.7205376181596;0.0;0.0;0.0;0.0;0.0;0.0;0.0;0.0;36250.0;360.0;36.0;200.0;200000.0;36.0
4;12;0.0;1.0;1.0;36250.0;1.0;1.0598484848484846;1.0;360.0;1.5;184.0;184000.0;33.0;14.197911163863917;1.168013559339631;33.0;715.0742324700637;0.0;0.0;0.0;0.0;0.0;0.0;0.0;0.0;36250.0;360.0;33.0;184.0;184000.0;33.0
4;13;0.0;1.0;1.0;36250.0;1.0;1.0598484848484846;1.0;360.0;1.5;176.0;176000.0;31.0;1.633038225483233;1.1891721908119275;31.0;726.6809007112765;0.0;0.0;0.0;0.0;0.0;0.0;0.0;0.0;36250.0;360.0;31.0;176.0;176000.0;31.0
4;14;0.0;1.0;1.0;36250.0;1.0;1.0598484848484846;1.0;360.0;1.5;200.0;200000.0;35.0;4.400731680596431;1.3580846780886615;35.0;744.7882153673332;0.0;0.0;0.0;0.0;0.0;0.0;0.0;0.0;36250.0;360.0;35.0;200.0;200000.0;35.0
4;15;0.0;1.0;1.0;36250.0;1.0;1.0598484848484846;1.0;360.0;1.5;184.0;184000.0;33.0;2.0956132446721516;1.2366136571612296;33.0;740.3593948753097;0.0;0.0;0.0;0.0;0.0;0.0;0.0;0.0;36250.0;360.0;33.0;184.0;184000.0;33.0
5;0;0.0;5.01933021247532;2.198529411764706;64089.0;262.0;2.203787878787878;1.75;621.0;7.0;156.0;156000.0;28.0;1.5472017018873043;1.0142879360592887;28.0;693.1994380686497;0.0;0.0;0.0;0.0;0.0;0.0;0.0;0.0;64089.0;621.0;28.0;156.0;156000.0;28.0
5;1;1.0;3.9799702015068013;1.0;49044.0;169.0;1.618813131313131;1.0;493.0;5.0;140.0;140000.0;25.0;1.1161080198777977;1.0111870999491037;25.0;663.6243768002755;2.0;0.0;0.0;0.0;0.0;0.0;0.0;0.0;49044.0;493.0;25.0;140.0;140000.0;25.0
5;2;1.0;7.164937602714341;1.6842105263157894;58169.0;446.0;1.9351010101010104;1.5;574.0;7.0;152.0;152000.0;27.0;1.227870855189045;1.0800263526430045;27.0;687.7101351359827;3.0;0.0;0.0;0.0;0.0;0.0;0.0;0.0;58169.0;574.0;27.0;152.0;152000.0;27.0
5;3;0.0;5.149559100285925;1.1635071090047393;53443.0;235.0;1.9044191919191915;1.25;540.0;9.0;152.0;152000.0;27.0;1.2323358655327565;1.1001039598242035;27.0;687.3804157667151;0.0;0.0;0.0;0.0;0.0;0.0;0.0;0.0;53443.0;540.0;27.0;152.0;152000.0;27.0
5;4;0.0;6.704254589162418;1.4215686274509804;54091.0;351.0;2.1570707070707074;1.5;585.0;10.0;152.0;152000.0;27.0;1.3149746808361853;1.0122789435856945;27.0;684.0387080670129;0.0;0.0;0.0;0.0;0.0;0.0;0.0;0.0;54091.0;585.0;27.0;152.0;152000.0;27.0
5;5;0.0;2.3354883970112037;1.1145833333333333;53653.0;22.26923076923077;1.8828282828282825;1.25;539.0;9.0;152.0;152000.0;27.0;1.2745017345265919;1.045953380695652;27.0;685.6150926454708;0.0;0.0;0.0;0.0;0.0;0.0;0.0;0.0;53653.0;539.0;27.0;152.0;152000.0;27.0
5;6;0.0;6.255747388372314;1.028205128205128;53160.0;320.0;1.85959595959596;1.3333333333333333;531.0;7.0;144.0;144000.0;25.0;1.1088082735227855;1.0256725847974815;25.0;661.7290000998092;0.0;0.0;0.0;0.0;0.0;0.0;0.0;0.0;53160.0;531.0;25.0;144.0;144000.0;25.0
5;7;0.0;3.907095219888667;1.3558282208588956;56469.0;169.0;2.0540404040404043;1.5;604.0;7.0;148.0;148000.0;26.0;1.193518487264782;1.035466451749852;26.0;673.7045585533239;0.0;0.0;0.0;0.0;0.0;0.0;0.0;0.0;56469.0;604.0;26.0;148.0;148000.0;26.0
5;8;0.0;1.0;1.0;36250.0;1.0;1.0598484848484846;1.0;360.0;1.5;192.0;192000.0;34.0;2.5782194685037076;1.3611985807236129;34.0;747.0178335205778;0.0;0.0;0.0;0.0;0.0;0.0;0.0;0.0;36250.0;360.0;34.0;192.0;192000.0;34.0
5;9;0.0;1.0;1.0;36250.0;1.0;1.0598484848484846;1.0;360.0;1.5;200.0;200000.0;36.0;4.034963352794019;1.3076434666500063;36.0;753.4282921923783;0.0;0.0;0.0;0.0;0.0;0.0;0.0;0.0;36250.0;360.0;36.0;200.0;200000.0;36.0
5;10;0.0;1.0;1.0;36250.0;1.0;1.0598484848484846;1.0;360.0;1.5;184.0;184000.0;33.0;2.6765972027203975;1.2844133584697783;33.0;736.290048348473;0.0;0.0;0.0;0.0;0.0;0.0;0.0;0.0;36250.0;360.0;33.0;184.0;184000.0;33.0
5;11;0.0;1.0;1.0;36250.0;1.0;1.0598484848484846;1.0;360.0;1.5;200.0;200000.0;36.0;3.444668952005305;1.3771680833645747;36.0;759.7205376181596;0.0;0.0;0.0;0.0;0.0;0.0;0.0;0.0;36250.0;360.0;36.0;200.0;200000.0;36.0
5;12;0.0;1.0;1.0;36250.0;1.0;1.0598484848484846;1.0;360.0;1.5;184.0;184000.0;33.0;14.197911163863917;1.168013559339631;33.0;715.0742324700637;0.0;0.0;0.0;0.0;0.0;0.0;0.0;0.0;36250.0;360.0;33.0;184.0;184000.0;33.0
5;13;0.0;1.0;1.0;36250.0;1.0;1.0598484848484846;1.0;360.0;1.5;176.0;176000.0;31.0;1.633038225483233;1.1891721908119275;31.0;726.6809007112765;0.0;0.0;0.0;0.0;0.0;0.0;0.0;0.0;36250.0;360.0;31.0;176.0;176000.0;31.0
5;14;0.0;1.0;1.0;36250.0;1.0;1.0598484848484846;1.0;360.0;1.5;200.0;200000.0;35.0;4.400731680596431;1.3580846780886615;35.0;744.7882153673332;0.0;0.0;0.0;0.0;0.0;0.0;0.0;0.0;36250.0;360.0;35.0;200.0;200000.0;35.0
5;15;0.0;1.0;1.0;36250.0;1.0;1.0598484848484846;1.0;360.0;1.5;184.0;184000.0;33.0;2.0956132446721516;1.2366136571612296;33.0;740.3593948753097;0.0;0.0;0.0;0.0;0.0;0.0;0.0;0.0;36250.0;360.0;33.0;184.0;184000.0;33.0
6;0;1.0;4.756194409442712;2.172794117647059;63139.0;235.0;2.273484848484848;2.0;633.0;7.0;152.0;152000.0;27.0;1.2092805796264188;1.1391078507313073;27.0;688.8097201917545;2.0;0.0;0.0;0.0;0.0;0.0;0.0;0.0;63139.0;633.0;27.0;152.0;152000.0;27.0
6;1;1.0;3.9799702015068013;1.0;49044.0;169.0;1.618813131313131;1.0;493.0;5.0;140.0;140000.0;25.0;1.1161080198777977;1.0111870999491037;25.0;663.6243768002755;2.0;0.0;0.0;0.0;0.0;0.0;0.0;0.0;49044.0;493.0;25.0;140.0;140000.0;25.0
6;2;1.0;6.053588276551469;1.8407079646017699;62080.0;235.0;2.1547979797979804;1.6666666666666667;624.0;8.0;156.0;156000.0;27.0;1.2975188615610433;1.0751788978221652;27.0;683.3244576160669;5.0;0.0;0.0;0.0;0.0;0.0;0.0;0.0;62080.0;624.0;27.0;156.0;156000.0;27.0
6;3;0.0;6.235701756038505;1.4351851851851851;55996.0;262.0;2.1095959595959592;1.5;586.0;9.0;140.0;140000.0;25.0;1.2666828000538028;1.0083135451800092;25.0;660.0457737377006;0.0;0.0;0.0;0.0;0.0;0.0;0.0;0.0;55996.0;586.0;25.0;140.0;140000.0;25.0
6;4;0.0;5.951781600588226;1.7644444444444445;55680.0;235.0;2.2125;1.6666666666666667;606.0;7.0;156.0;156000.0;28.0;1.3131065239588153;1.067202955915032;28.0;698.9417449736251;0.0;0.0;0.0;0.0;0.0;0.0;0.0;0.0;55680.0;606.0;28.0;156.0;156000.0;28.0
6;5;0.0;2.3414411865856213;1.2152777777777777;54295.0;14.461538461538462;1.8488636363636357;1.3333333333333333;535.0;7.0;148.0;148000.0;26.0;1.183683261862299;1.0238500173485696;26.0;674.0797161132476;0.0;0.0;0.0;0.0;0.0;0.0;0.0;0.0;54295.0;535.0;26.0;148.0;148000.0;26.0
6;6;0.0;5.865695667371166;1.4363636363636363;55343.0;320.0;1.9602272727272727;1.5;567.0;7.0;148.0;148000.0;26.0;1.172166232365232;1.0234209893410708;26.0;674.5089363714242;0.0;0.0;0.0;0.0;0.0;0.0;0.0;0.0;55343.0;567.0;26.0;148.0;148000.0;26.0
6;7;0.0;3.8595628219986597;1.4228855721393034;55728.0;169.0;2.0016414141414143;1.4;590.0;7.0;144.0;144000.0;25.0;1.0995536131975212;1.0150990341896635;25.0;662.1152832605678;0.0;0.0;0.0;0.0;0.0;0.0;0.0;0.0;55728.0;590.0;25.0;144.0;144000.0;25.0
6;8;0.0;1.0;1.0;36250.0;1.0;1.0598484848484846;1.0;360.0;1.5;192.0;192000.0;34.0;2.5782194685037076;1.3611985807236129;34.0;747.0178335205778;0.0;0.0;0.0;0.0;0.0;0.0;0.0;0.0;36250.0;360.0;34.0;192.0;192000.0;34.0
6;9;0.0;1.0;1.0;36250.0;1.0;1.0598484848484846;1.0;360.0;1.5;200.0;200000.0;36.0;4.034963352794019;1.3076434666500063;36.0;753.4282921923783;0.0;0.0;0.0;0.0;0.0;0.0;0.0;0.0;36250.0;360.0;36.0;200.0;200000.0;36.0
6;10;0.0;1.0;1.0;36250.0;1.0;1.0598484848484846;1.0;360.0;1.5;184.0;184000.0;33.0;2.6765972027203975;1.2844133584697783;33.0;736.290048348473;0.0;0.0;0.0;0.0;0.0;0.0;0.0;0.0;36250.0;360.0;33.0;184.0;184000.0;33.0
6;11;0.0;1.0;1.0;36250.0;1.0;1.0598484848484846;1.0;360.0;1.5;200.0;200000.0;36.0;3.444668952005305;1.3771680833645747;36.0;759.7205376181596;0.0;0.0;0.0;0.0;0.0;0.0;0.0;0.0;36250.0;360.0;36.0;200.0;200000.0;36.0
6;12;0.0;1.0;1.0;36250.0;1.0;1.0598484848484846;1.0;360.0;1.5;184.0;184000.0;33.0;14.197911163863917;1.168013559339631;33.0;715.0742324700637;0.0;0.0;0.0;0.0;0.0;0.0;0.0;0.0;36250.0;360.0;33.0;184.0;184000.0;33.0
6;13;0.0;1.0;1.0;36250.0;1.0;1.0598484848484846;1.0;360.0;1.5;176.0;176000.0;31.0;1.633038225483233;1.1891721908119275;31.0;726.6809007112765;0.0;0.0;0.0;0.0;0.0;0.0;0.0;0.0;36250.0;360.0;31.0;176.0;176000.0;31.0
6;14;0.0;1.0;1.0;36250.0;1.0;1.0598484848484846;1.0;360.0;1.5;200.0;200000.0;35.0;4.400731680596431;1.3580846780886615;35.0;744.7882153673332;0.0;0.0;0.0;0.0;0.0;0.0;0.0;0.0;36250.0;360.0;35.0;200.0;200000.0;35.0
6;15;0.0;1.0;1.0;36250.0;1.0;1.0598484848484846;1.0;360.0;1.5;184.0;184000.0;33.0;2.0956132446721516;1.2366136571612296;33.0;740.3593948753097;0.0;0.0;0.0;0.0;0.0;0.0;0.0;0.0;36250.0;360.0;33.0;184.0;184000.0;33.0
7;0;1.0;7.292877179045219;1.8064516129032258;60847.0;351.0;2.233333333333333;1.6666666666666667;618.0;7.0;152.0;152000.0;27.0;1.2394642216861476;1.0883919371925292;27.0;687.3294871828027;1.0;0.0;0.0;0.0;0.0;0.0;0.0;0.0;60847.0;618.0;27.0;152.0;152000.0;27.0
7;1;0.0;3.992404459783593;1.167123287671233;49607.0;169.0;1.76780303030303;1.25;511.0;7.0;140.0;140000.0;25.0;1.1228286808459051;1.0068330402330483;25.0;663.3001510234023;0.0;0.0;0.0;0.0;0.0;0.0;0.0;0.0;49607.0;511.0;25.0;140.0;140000.0;25.0
7;2;0.0;8.41717931406717;1.6842105263157894;60411.0;496.0;2.1053030303030305;1.6666666666666667;602.0;10.0;152.0;152000.0;27.0;1.3578035459139803;1.0716224840685455;27.0;683.8832084720566;0.0;0.0;0.0;0.0;0.0;0.0;0.0;0.0;60411.0;602.0;27.0;152.0;152000.0;27.0
7;3;0.0;7.588331766599901;1.3886255924170616;55303.0;446.0;2.056565656565656;1.5;574.0;7.0;136.0;136000.0;24.0;1.0430761939034954;1.0156993259142142;24.0;651.0008639833114;0.0;0.0;0.0;0.0;0.0;0.0;0.0;0.0;55303.0;574.0;24.0;136.0;136000.0;24.0
7;4;0.0;5.346919718662178;1.6256410256410256;54802.0;233.0;2.2074494949494947;1.5;603.0;8.0;156.0;156000.0;28.0;1.3393214669154965;1.0769556617354064;28.0;697.8172435651736;0.0;0.0;0.0;0.0;0.0;0.0;0.0;0.0;54802.0;603.0;28.0;156.0;156000.0;28.0
7;5;1.0;2.539693001411613;1.2907801418439717;56567.0;14.461538461538462;1.9530303030303027;1.3333333333333333;556.0;9.0;148.0;148000.0;26.0;1.18356994787485;1.0129226419723631;26.0;673.8621338523322;3.0;0.0;0.0;0.0;0.0;0.0;0.0;0.0;56567.0;556.0;26.0;148.0;148000.0;26.0
7;6;0.0;5.865695667371166;1.4363636363636363;55343.0;320.0;1.9602272727272727;1.5;567.0;7.0;148.0;148000.0;26.0;1.172166232365232;1.0234209893410708;26.0;674.5089363714242;0.0;0.0;0.0;0.0;0.0;0.0;0.0;0.0;55343.0;567.0;26.0;148.0;148000.0;26.0
7;7;0.0;3.4062997360791196;1.6323529411764706;56461.0;117.0;2.0470959595959597;1.6666666666666667;593.0;9.0;148.0;148000.0;26.0;1.3344726716673516;1.039414601696325;26.0;670.9163621234143;0.0;0.0;0.0;0.0;0.0;0.0;0.0;0.0;56461.0;593.0;26.0;148.0;148000.0;26.0
7;8;0.0;1.0;1.0;36250.0;1.0;1.0598484848484846;1.0;360.0;1.5;192.0;192000.0;34.0;2.5782194685037076;1.3611985807236129;34.0;747.0178335205778;0.0;0.0;0.0;0.0;0.0;0.0;0.0;0.0;36250.0;360.0;34.0;192.0;192000.0;34.0
7;9;0.0;1.0;1.0;36250.0;1.0;1.0598484848484846;1.0;360.0;1.5;200.0;200000.0;36.0;4.034963352794019;1.3076434666500063;36.0;753.4282921923783;0.0;0.0;0.0;0.0;0.0;0.0;0.0;0.0;36250.0;360.0;36.0;200.0;200000.0;36.0
7;10;0.0;1.0;1.0;36250.0;1.0;1.0598484848484846;1.0;360.0;1.5;184.0;184000.0;33.0;2.6765972027203975;1.2844133584697783;33.0;736.290048348473;0.0;0.0;0.0;0.0;0.0;0.0;0.0;0.0;36250.0;360.0;33.0;184.0;184000.0;33.0
7;11;0.0;1.0;1.0;36250.0;1.0;1.0598484848484846;1.0;360.0;1.5;200.0;200000.0;36.0;3.444668952005305;1.3771680833645747;36.0;759.7205376181596;0.0;0.0;0.0;0.0;0.0;0.0;0.0;0.0;36250.0;360.0;36.0;200.0;200000.0;36.0
7;12;0.0;1.0;1.0;36250.0;1.0;1.0598484848484846;1.0;360.0;1.5;184.0;184000.0;33.0;14.197911163863917;1.168013559339631;33.0;715.0742324700637;0.0;0.0;0.0;0.0;0.0;0.0;0.0;0.0;36250.0;360.0;33.0;184.0;184000.0;33.0
7;13;0.0;1.0;1.0;36250.0;1.0;1.0598484848484846;1.0;360.0;1.5;176.0;176000.0;31.0;1.633038225483233;1.1891721908119275;31.0;726.6809007112765;0.0;0.0;0.0;0.0;0.0;0.0;0.0;0.0;36250.0;360.0;31.0;176.0;176000.0;31.0
7;14;0.0;1.0;1.0;36250.0;1.0;1.0598484848484846;1.0;360.0;1.5;200.0;200000.0;35.0;4.400731680596431;1.3580846780886615;35.0;744.7882153673332;0.0;0.0;0.0;0.0;0.0;0.0;0.0;0.0;36250.0;360.0;35.0;200.0;200000.0;35.0
7;15;0.0;1.0;1.0;36250.0;1.0;1.0598484848484846;1.0;360.0;1.5;184.0;184000.0;33.0;2.0956132446721516;1.2366136571612296;33.0;740.3593948753097;0.0;0.0;0.0;0.0;0.0;0.0;0.0;0.0;36250.0;360.0;33.0;184.0;184000.0;33.0
8;0;0.0;5.514104610255114;1.8645833333333333;61041.0;351.0;2.223358585858585;1.6666666666666667;622.0;7.0;148.0;148000.0;26.0;1.15389132825403;1.0883919371925292;26.0;675.63746730389;0.0;0.0;0.0;0.0;0.0;0.0;0.0;0.0;61041.0;622.0;26.0;148.0;148000.0;26.0
8;1;0.0;3.8328228694267428;1.2677725118483412;51960.0;117.0;1.891919191919192;1.3333333333333333;548.0;7.0;140.0;140000.0;25.0;1.1054986883265325;1.0196313013214422;25.0;664.2012381233303;0.0;0.0;0.0;0.0;0.0;0.0;0.0;0.0;51960.0;548.0;25.0;140.0;140000.0;25.0
8;2;0.0;5.488227140167455;1.7699530516431925;60543.0;169.0;2.1159090909090916;1.6666666666666667;602.0;10.0;148.0;148000.0;26.0;1.1685890051794128;1.0524838619141172;26.0;674.8984284936771;0.0;0.0;0.0;0.0;0.0;0.0;0.0;0.0;60543.0;602.0;26.0;148.0;148000.0;26.0
8;3;0.0;8.273979010214735;1.4351851851851851;56154.0;541.0;2.0472222222222216;1.5;583.0;8.0;136.0;136000.0;24.0;1.04308544061428;1.0067739104608846;24.0;650.9968255422802;0.0;0.0;0.0;0.0;0.0;0.0;0.0;0.0;56154.0;583.0;24.0;136.0;136000.0;24.0
8;4;0.0;4.622259385656643;1.6256410256410256;56036.0;169.0;2.2085858585858587;1.5;608.0;7.0;148.0;148000.0;26.0;1.1888778865046694;1.0210749877471001;26.0;673.8833261392476;0.0;0.0;0.0;0.0;0.0;0.0;0.0;0.0;56036.0;608.0;26.0;148.0;148000.0;26.0
8;5;0.0;2.278410870590777;1.1832797427652733;52903.0;18.0;1.7987373737373737;1.0;514.0;7.0;156.0;156000.0;28.0;1.322308448956931;1.0697996740676994;28.0;698.4841481807538;0.0;0.0;0.0;0.0;0.0;0.0;0.0;0.0;52903.0;514.0;28.0;156.0;156000.0;28.0
8;6;0.0;3.0183311256445893;1.3128654970760234;53774.0;117.0;1.8803030303030308;1.4;547.0;7.0;152.0;152000.0;27.0;1.3582119671267012;1.0577440083209195;27.0;683.9737294638959;0.0;0.0;0.0;0.0;0.0;0.0;0.0;0.0;53774.0;547.0;27.0;152.0;152000.0;27.0
8;7;0.0;3.2318774100261813;1.4545454545454546;54122.0;117.0;1.923358585858586;1.5;567.0;7.0;148.0;148000.0;26.0;1.3248913722772448;1.0258461948800017;26.0;671.1306229310579;0.0;0.0;0.0;0.0;0.0;0.0;0.0;0.0;54122.0;567.0;26.0;148.0;148000.0;26.0
8;8;0.0;1.0;1.0;36250.0;1.0;1.0598484848484846;1.0;360.0;1.5;192.0;192000.0;34.0;2.5782194685037076;1.3611985807236129;34.0;747.0178335205778;0.0;0.0;0.0;0.0;0.0;0.0;0.0;0.0;36250.0;360.0;34.0;192.0;192000.0;34.0
8;9;0.0;1.0;1.0;36250.0;1.0;1.0598484848484846;1.0;360.0;1.5;200.0;200000.0;36.0;4.034963352794019;1.3076434666500063;36.0;753.4282921923783;0.0;0.0;0.0;0.0;0.0;0.0;0.0;0.0;36250.0;360.0;36.0;200.0;200000.0;36.0
8;10;0.0;1.0;1.0;36250.0;1.0;1.0598484848484846;1.0;360.0;1.5;184.0;184000.0;33.0;2.6765972027203975;1.2844133584697783;33.0;736.290048348473;0.0;0.0;0.0;0.0;0.0;0.0;0.0;0.0;36250.0;360.0;33.0;184.0;184000.0;33.0
8;11;0.0;1.0;1.0;36250.0;1.0;1.0598484848484846;1.0;360.0;1.5;200.0;200000.0;36.0;3.444668952005305;1.3771680833645747;36.0;759.7205376181596;0.0;0.0;0.0;0.0;0.0;0.0;0.0;0.0;36250.0;360.0;36.0;200.0;200000.0;36.0
8;12;0.0;1.0;1.0;36250.0;1.0;1.0598484848484846;1.0;360.0;1.5;184.0;184000.0;33.0;14.197911163863917;1.168013559339631;33.0;715.0742324700637;0.0;0.0;0.0;0.0;0.0;0.0;0.0;0.0;36250.0;360.0;33.0;184.0;184000.0;33.0
8;13;0.0;1.0;1.0;36250.0;1.0;1.0598484848484846;1.0;360.0;1.5;176.0;176000.0;31.0;1.633038225483233;1.1891721908119275;31.0;726.6809007112765;0.0;0.0;0.0;0.0;0.0;0.0;0.0;0.0;36250.0;360.0;31.0;176.0;176000.0;31.0
8;14;0.0;1.0;1.0;36250.0;1.0;1.0598484848484846;1.0;360.0;1.5;200.0;200000.0;35.0;4.400731680596431;1.3580846780886615;35.0;744.7882153673332;0.0;0.0;0.0;0.0;0.0;0.0;0.0;0.0;36250.0;360.0;35.0;200.0;200000.0;35.0
8;15;0.0;1.0;1.0;36250.0;1.0;1.0598484848484846;1.0;360.0;1.5;184.0;184000.0;33.0;2.0956132446721516;1.2366136571612296;33.0;740.3593948753097;0.0;0.0;0.0;0.0;0.0;0.0;0.0;0.0;36250.0;360.0;33.0;184.0;184000.0;33.0
9;0;0.0;2.674551585481525;1.835820895522388;59215.0;16.944444444444443;1.999747474747475;1.6666666666666667;581.0;7.0;148.0;148000.0;26.0;1.181705265972544;1.0251270018452288;26.0;674.0379162260394;0.0;0.0;0.0;0.0;0.0;0.0;0.0;0.0;59215.0;581.0;26.0;148.0;148000.0;26.0
9;1;0.0;3.773705308552266;1.097457627118644;49908.0;117.0;1.8167929292929295;1.2;514.0;7.0;140.0;140000.0;25.0;1.146893035093619;1.0039007119886936;25.0;662.5326172927299;0.0;0.0;0.0;0.0;0.0;0.0;0.0;0.0;49908.0;514.0;25.0;140.0;140000.0;25.0
9;2;1.0;8.98453057499864;1.7543859649122806;62331.0;609.0;2.142424242424242;1.6666666666666667;612.0;9.0;152.0;152000.0;27.0;1.3497353938603416;1.0091818730751958;27.0;683.9418241314611;1.0;0.0;0.0;0.0;0.0;0.0;0.0;0.0;62331.0;612.0;27.0;152.0;152000.0;27.0
9;3;0.0;4.026167486610235;1.3994708994708995;54619.0;235.0;1.9272727272727266;1.5;563.0;7.0;144.0;144000.0;25.0;1.12501256550736;1.0479653752240028;25.0;661.2317709587927;0.0;0.0;0.0;0.0;0.0;0.0;0.0;0.0;54619.0;563.0;25.0;144.0;144000.0;25.0
9;4;0.0;4.404254311937184;1.5178082191780822;54350.0;169.0;2.071717171717172;1.5;578.0;10.0;152.0;152000.0;27.0;1.2646433242330088;1.0510421082503303;27.0;686.3898184705453;0.0;0.0;0.0;0.0;0.0;0.0;0.0;0.0;54350.0;578.0;27.0;152.0;152000.0;27.0
9;5;0.0;2.200096023723165;1.167123287671233;51826.0;18.0;1.7095959595959596;1.0;500.0;6.0;148.0;148000.0;27.0;1.3430570779241562;1.0234087699308858;27.0;685.5104800383781;0.0;0.0;0.0;0.0;0.0;0.0;0.0;0.0;51826.0;500.0;27.0;148.0;148000.0;27.0
9;6;0.0;3.3545013650054125;1.3125;52775.0;169.0;1.7840909090909096;1.3333333333333333;521.0;7.0;148.0;148000.0;26.0;1.1996108607936307;1.0302675433098718;26.0;673.4611597894672;0.0;0.0;0.0;0.0;0.0;0.0;0.0;0.0;52775.0;521.0;26.0;148.0;148000.0;26.0
9;7;0.0;3.1491115852870863;1.5;54266.0;117.0;1.859722222222222;1.5;554.0;5.0;152.0;152000.0;27.0;1.3575430445608427;1.0223125391176537;27.0;684.1944711138816;0.0;0.0;0.0;0.0;0.0;0.0;0.0;0.0;54266.0;554.0;27.0;152.0;152000.0;27.0
9;8;0.0;1.0;1.0;36250.0;1.0;1.0598484848484846;1.0;360.0;1.5;192.0;192000.0;34.0;2.5782194685037076;1.3611985807236129;34.0;747.0178335205778;0.0;0.0;0.0;0.0;0.0;0.0;0.0;0.0;36250.0;360.0;34.0;192.0;192000.0;34.0
9;9;0.0;1.0;1.0;36250.0;1.0;1.0598484848484846;1.0;360.0;1.5;200.0;200000.0;36.0;4.034963352794019;1.3076434666500063;36.0;753.4282921923783;0.0;0.0;0.0;0.0;0.0;0.0;0.0;0.0;36250.0;360.0;36.0;200.0;200000.0;36.0
9;10;0.0;1.0;1.0;36250.0;1.0;1.0598484848484846;1.0;360.0;1.5;184.0;184000.0;33.0;2.6765972027203975;1.2844133584697783;33.0;736.290048348473;0.0;0.0;0.0;0.0;0.0;0.0;0.0;0.0;36250.0;360.0;33.0;184.0;184000.0;33.0
9;11;0.0;1.0;1.0;36250.0;1.0;1.0598484848484846;1.0;360.0;1.5;200.0;200000.0;36.0;3.444668952005305;1.3771680833645747;36.0;759.7205376181596;0.0;0.0;0.0;0.0;0.0;0.0;0.0;0.0;36250.0;360.0;36.0;200.0;200000.0;36.0
9;12;0.0;1.0;1.0;36250.0;1.0;1.0598484848484846;1.0;360.0;1.5;184.0;184000.0;33.0;14.197911163863917;1.168013559339631;33.0;715.0742324700637;0.0;0.0;0.0;0.0;0.0;0.0;0.0;0.0;36250.0;360.0;33.0;184.0;184000.0;33.0
9;13;0.0;1.0;1.0;36250.0;1.0;1.0598484848484846;1.0;360.0;1.5;176.0;176000.0;31.0;1.633038225483233;1.1891721908119275;31.0;726.6809007112765;0.0;0.0;0.0;0.0;0.0;0.0;0.0;0.0;36250.0;360.0;31.0;176.0;176000.0;31.0
9;14;0.0;1.0;1.0;36250.0;1.0;1.0598484848484846;1.0;360.0;1.5;200.0;200000.0;35.0;4.400731680596431;1.3580846780886615;35.0;744.7882153673332;0.0;0.0;0.0;0.0;0.0;0.0;0.0;0.0;36250.0;360.0;35.0;200.0;200000.0;35.0
9;15;0.0;1.0;1.0;36250.0;1.0;1.0598484848484846;1.0;360.0;1.5;184.0;184000.0;33.0;2.0956132446721516;1.2366136571612296;33.0;740.3593948753097;0.0;0.0;0.0;0.0;0.0;0.0;0.0;0.0;36250.0;360.0;33.0;184.0;184000.0;33.0
10;0;0.0;2.455525595196973;1.702127659574468;56694.0;12.777777777777779;1.8917929292929283;1.6666666666666667;548.0;7.0;152.0;152000.0;27.0;1.6881849280149288;1.0150555291766432;27.0;679.3643736624238;0.0;0.0;0.0;0.0;0.0;0.0;0.0;0.0;56694.0;548.0;27.0;152.0;152000.0;27.0
10;1;0.0;3.689275324162166;1.063013698630137;48589.0;117.0;1.7666666666666668;1.0;506.0;8.0;140.0;140000.0;25.0;1.233513238862637;1.0027006069681008;25.0;660.6660963122836;0.0;0.0;0.0;0.0;0.0;0.0;0.0;0.0;48589.0;506.0;25.0;140.0;140000.0;25.0
10;2;1.0;6.89475756325078;1.7329545454545454;59898.0;320.0;1.972979797979798;1.6666666666666667;577.0;6.0;148.0;148000.0;26.0;1.1713763731231563;1.0212696424194558;26.0;674.7722151869143;3.0;0.0;0.0;0.0;0.0;0.0;0.0;0.0;59898.0;577.0;26.0;148.0;148000.0;26.0
10;3;0.0;5.093483219008433;1.647239263803681;60573.0;285.0;2.32449494949495;1.6666666666666667;637.0;9.0;156.0;156000.0;27.0;1.3307006793541163;1.0490659815877261;27.0;681.8961005643595;0.0;0.0;0.0;0.0;0.0;0.0;0.0;0.0;60573.0;637.0;27.0;156.0;156000.0;27.0
10;4;0.0;3.8909382567479;1.5886524822695036;53593.0;117.0;1.9246212121212123;1.5;558.0;5.5;152.0;152000.0;27.0;1.3055132388875268;1.051099186974779;27.0;684.9071070748072;0.0;0.0;0.0;0.0;0.0;0.0;0.0;0.0;53593.0;558.0;27.0;152.0;152000.0;27.0
10;5;0.0;2.199660961542804;1.2907801418439717;53289.0;18.0;1.707828282828283;1.25;502.0;6.0;156.0;156000.0;28.0;1.3035584566615384;1.0813713952033972;28.0;699.4458305589603;0.0;0.0;0.0;0.0;0.0;0.0;0.0;0.0;53289.0;502.0;28.0;156.0;156000.0;28.0
10;6;0.0;3.5495791712278546;1.5178082191780822;54360.0;169.0;1.895454545454545;1.5;549.0;7.0;148.0;148000.0;26.0;1.2534989458639667;1.0130617427363473;26.0;671.8923367099252;0.0;0.0;0.0;0.0;0.0;0.0;0.0;0.0;54360.0;549.0;26.0;148.0;148000.0;26.0
10;7;0.0;3.0899485281849874;1.5056818181818181;53508.0;117.0;1.853030303030303;1.5;548.0;9.0;144.0;144000.0;26.0;1.231396610152005;1.0083423523954853;26.0;674.4938026157495;0.0;0.0;0.0;0.0;0.0;0.0;0.0;0.0;53508.0;548.0;26.0;144.0;144000.0;26.0
10;8;0.0;1.0;1.0;36250.0;1.0;1.0598484848484846;1.0;360.0;1.5;192.0;192000.0;34.0;2.5782194685037076;1.3611985807236129;34.0;747.0178335205778;0.0;0.0;0.0;0.0;0.0;0.0;0.0;0.0;36250.0;360.0;34.0;192.0;192000.0;34.0
10;9;0.0;1.0;1.0;36250.0;1.0;1.0598484848484846;1.0;360.0;1.5;200.0;200000.0;36.0;4.034963352794019;1.3076434666500063;36.0;753.4282921923783;0.0;0.0;0.0;0.0;0.0;0.0;0.0;0.0;36250.0;360.0;36.0;200.0;200000.0;36.0
10;10;0.0;1.0;1.0;36250.0;1.0;1.0598484848484846;1.0;360.0;1.5;184.0;184000.0;33.0;2.6765972027203975;1.2844133584697783;33.0;736.290048348473;0.0;0.0;0.0;0.0;0.0;0.0;0.0;0.0;36250.0;360.0;33.0;184.0;184000.0;33.0
10;11;0.0;1.0;1.0;36250.0;1.0;1.0598484848484846;1.0;360.0;1.5;200.0;200000.0;36.0;3.444668952005305;1.3771680833645747;36.0;759.7205376181596;0.0;0.0;0.0;0.0;0.0;0.0;0.0;0.0;36250.0;360.0;36.0;200.0;200000.0;36.0
10;12;0.0;1.0;1.0;36250.0;1.0;1.0598484848484846;1.0;360.0;1.5;184.0;184000.0;33.0;14.197911163863917;1.168013559339631;33.0;715.0742324700637;0.0;0.0;0.0;0.0;0.0;0.0;0.0;0.0;36250.0;360.0;33.0;184.0;184000.0;33.0
10;13;0.0;1.0;1.0;36250.0;1.0;1.0598484848484846;1.0;360.0;1.5;176.0;176000.0;31.0;1.633038225483233;1.1891721908119275;31.0;726.6809007112765;0.0;0.0;0.0;0.0;0.0;0.0;0.0;0.0;36250.0;360.0;31.0;176.0;176000.0;31.0
10;14;0.0;1.0;1.0;36250.0;1.0;1.0598484848484846;1.0;360.0;1.5;200.0;200000.0;35.0;4.400731680596431;1.3580846780886615;35.0;744.7882153673332;0.0;0.0;0.0;0.0;0.0;0.0;0.0;0.0;36250.0;360.0;35.0;200.0;200000.0;35.0
10;15;0.0;1.0;1.0;36250.0;1.0;1.0598484848484846;1.0;360.0;1.5;184.0;184000.0;33.0;2.0956132446721516;1.2366136571612296;33.0;740.3593948753097;0.0;0.0;0.0;0.0;0.0;0.0;0.0;0.0;36250.0;360.0;33.0;184.0;184000.0;33.0
11;0;1.0;3.2760904920898475;1.7411764705882353;58054.0;117.0;1.9628787878787881;1.6666666666666667;578.0;6.0;148.0;148000.0;26.0;1.1725490406549977;1.036975074575791;26.0;674.6587852192769;1.0;0.0;0.0;0.0;0.0;0.0;0.0;0.0;58054.0;578.0;26.0;148.0;148000.0;26.0
11;1;0.0;3.701986637657225;1.097457627118644;48705.0;117.0;1.781439393939394;1.25;511.0;7.0;140.0;140000.0;25.0;1.1122497646542697;1.0038447252978908;25.0;663.782271633742;0.0;0.0;0.0;0.0;0.0;0.0;0.0;0.0;48705.0;511.0;25.0;140.0;140000.0;25.0
11;2;0.0;5.420673414978363;1.7543859649122806;60798.0;169.0;2.0675505050505047;1.6666666666666667;586.0;9.0;156.0;156000.0;28.0;1.7647157517756167;1.05263896588748;28.0;691.354979993755;0.0;0.0;0.0;0.0;0.0;0.0;0.0;0.0;60798.0;586.0;28.0;156.0;156000.0;28.0
11;3;0.0;4.418716120640319;2.006060606060606;64404.0;169.0;2.4763888888888888;2.0;673.0;11.0;144.0;144000.0;26.0;1.1797071718388703;1.0108531937906655;26.0;676.5341453833855;0.0;0.0;0.0;0.0;0.0;0.0;0.0;0.0;64404.0;673.0;26.0;144.0;144000.0;26.0
11;4;0.0;3.820489482640138;1.4550264550264551;51883.0;117.0;1.8061868686868687;1.5;525.0;5.0;152.0;152000.0;27.0;1.273083173755604;1.0505366491382682;27.0;685.9277123904037;0.0;0.0;0.0;0.0;0.0;0.0;0.0;0.0;51883.0;525.0;27.0;152.0;152000.0;27.0
11;5;0.0;4.592494500082539;1.75;58833.0;169.0;2.0132575757575757;1.6666666666666667;586.0;6.0;148.0;148000.0;26.0;1.1524441575682074;1.046590730694762;26.0;675.6650431594655;0.0;0.0;0.0;0.0;0.0;0.0;0.0;0.0;58833.0;586.0;26.0;148.0;148000.0;26.0
11;6;1.0;7.295712488667869;1.702127659574468;59326.0;609.0;2.088510101010101;1.6666666666666667;593.0;10.0;148.0;148000.0;26.0;1.1685715761348892;1.0130617427363473;26.0;674.7359775907892;4.0;0.0;0.0;0.0;0.0;0.0;0.0;0.0;59326.0;593.0;26.0;148.0;148000.0;26.0
11;7;0.0;2.051573047955212;1.4074074074074074;51094.0;18.47826086956522;1.766161616161616;1.3333333333333333;520.0;5.0;152.0;152000.0;27.0;1.3068301476076418;1.0237457834470545;27.0;683.9416112971567;0.0;0.0;0.0;0.0;0.0;0.0;0.0;0.0;51094.0;520.0;27.0;152.0;152000.0;27.0
11;8;0.0;1.0;1.0;36250.0;1.0;1.0598484848484846;1.0;360.0;1.5;192.0;192000.0;34.0;2.5782194685037076;1.3611985807236129;34.0;747.0178335205778;0.0;0.0;0.0;0.0;0.0;0.0;0.0;0.0;36250.0;360.0;34.0;192.0;192000.0;34.0
11;9;0.0;1.0;1.0;36250.0;1.0;1.0598484848484846;1.0;360.0;1.5;200.0;200000.0;36.0;4.034963352794019;1.3076434666500063;36.0;753.4282921923783;0.0;0.0;0.0;0.0;0.0;0.0;0.0;0.0;36250.0;360.0;36.0;200.0;200000.0;36.0
11;10;0.0;1.0;1.0;36250.0;1.0;1.0598484848484846;1.0;360.0;1.5;184.0;184000.0;33.0;2.6765972027203975;1.2844133584697783;33.0;736.290048348473;0.0;0.0;0.0;0.0;0.0;0.0;0.0;0.0;36250.0;360.0;33.0;184.0;184000.0;33.0
11;11;0.0;1.0;1.0;36250.0;1.0;1.0598484848484846;1.0;360.0;1.5;200.0;200000.0;36.0;3.444668952005305;1.3771680833645747;36.0;759.7205376181596;0.0;0.0;0.0;0.0;0.0;0.0;0.0;0.0;36250.0;360.0;36.0;200.0;200000.0;36.0
11;12;0.0;1.0;1.0;36250.0;1.0;1.0598484848484846;1.0;360.0;1.5;184.0;184000.0;33.0;14.197911163863917;1.168013559339631;33.0;715.0742324700637;0.0;0.0;0.0;0.0;0.0;0.0;0.0;0.0;36250.0;360.0;33.0;184.0;184000.0;33.0
11;13;0.0;1.0;1.0;36250.0;1.0;1.0598484848484846;1.0;360.0;1.5;176.0;176000.0;31.0;1.633038225483233;1.1891721908119275;31.0;726.6809007112765;0.0;0.0;0.0;0.0;0.0;0.0;0.0;0.0;36250.0;360.0;31.0;176.0;176000.0;31.0
11;14;0.0;1.0;1.0;36250.0;1.0;1.0598484848484846;1.0;360.0;1.5;200.0;200000.0;35.0;4.400731680596431;1.3580846780886615;35.0;744.7882153673332;0.0;0.0;0.0;0.0;0.0;0.0;0.0;0.0;36250.0;360.0;35.0;200.0;200000.0;35.0
11;15;0.0;1.0;1.0;36250.0;1.0;1.0598484848484846;1.0;360.0;1.5;184.0;184000.0;33.0;2.0956132446721516;1.2366136571612296;33.0;740.3593948753097;0.0;0.0;0.0;0.0;0.0;0.0;0.0;0.0;36250.0;360.0;33.0;184.0;184000.0;33.0
12;0;0.0;3.2256741034307415;1.7264957264957266;57206.0;117.0;1.9444444444444446;1.6666666666666667;571.0;5.0;148.0;148000.0;26.0;1.1800616315589296;1.0389322546907793;26.0;674.3477298341112;0.0;0.0;0.0;0.0;0.0;0.0;0.0;0.0;57206.0;571.0;26.0;148.0;148000.0;26.0
12;1;0.0;3.7515827120707366;1.2098214285714286;50074.0;117.0;1.8345959595959598;1.3333333333333333;528.0;7.0;140.0;140000.0;25.0;1.1271329719651393;1.00357271887921;25.0;663.1282802690937;0.0;0.0;0.0;0.0;0.0;0.0;0.0;0.0;50074.0;528.0;25.0;140.0;140000.0;25.0
12;2;0.0;5.993916900676514;1.7329545454545454;61053.0;235.0;2.131313131313131;1.6666666666666667;591.0;9.0;148.0;148000.0;26.0;1.205437378790576;1.0122368184272088;26.0;672.9912520516822;0.0;0.0;0.0;0.0;0.0;0.0;0.0;0.0;61053.0;591.0;26.0;148.0;148000.0;26.0
12;3;0.0;6.230780254969323;1.7973856209150327;60928.0;285.0;2.280681818181818;2.0;634.0;7.0;152.0;152000.0;27.0;1.8998061672549293;1.0599732886731255;27.0;680.6407749325489;0.0;0.0;0.0;0.0;0.0;0.0;0.0;0.0;60928.0;634.0;27.0;152.0;152000.0;27.0
12;4;0.0;3.7871876504913824;1.4351851851851851;51385.0;117.0;1.7828282828282829;1.5;517.0;5.0;152.0;152000.0;27.0;1.2350961699962832;1.0725982142431512;27.0;687.2864938383469;0.0;0.0;0.0;0.0;0.0;0.0;0.0;0.0;51385.0;517.0;27.0;152.0;152000.0;27.0
12;5;0.0;2.219807951893715;1.4901960784313726;54373.0;17.694444444444443;1.7982323232323232;1.3333333333333333;530.0;6.0;152.0;152000.0;27.0;1.2360830760110664;1.0845215874021974;27.0;687.5121484614991;0.0;0.0;0.0;0.0;0.0;0.0;0.0;0.0;54373.0;530.0;27.0;152.0;152000.0;27.0
12;6;0.0;6.821654749455186;1.6754098360655738;55468.0;609.0;1.9491161616161623;1.5;568.0;9.0;148.0;148000.0;26.0;1.1546603698827576;1.0494733392958968;26.0;675.5899250249389;0.0;0.0;0.0;0.0;0.0;0.0;0.0;0.0;55468.0;568.0;26.0;148.0;148000.0;26.0
12;7;0.0;2.294192108086073;1.6907894736842106;54662.0;18.47826086956522;1.9005050505050498;1.6666666666666667;553.0;7.0;152.0;152000.0;27.0;1.470678863969795;1.026541223329176;27.0;680.680005068777;0.0;0.0;0.0;0.0;0.0;0.0;0.0;0.0;54662.0;553.0;27.0;152.0;152000.0;27.0
12;8;0.0;1.0;1.0;36250.0;1.0;1.0598484848484846;1.0;360.0;1.5;192.0;192000.0;34.0;2.5782194685037076;1.3611985807236129;34.0;747.0178335205778;0.0;0.0;0.0;0.0;0.0;0.0;0.0;0.0;36250.0;360.0;34.0;192.0;192000.0;34.0
12;9;0.0;1.0;1.0;36250.0;1.0;1.0598484848484846;1.0;360.0;1.5;200.0;200000.0;36.0;4.034963352794019;1.3076434666500063;36.0;753.4282921923783;0.0;0.0;0.0;0.0;0.0;0.0;0.0;0.0;36250.0;360.0;36.0;200.0;200000.0;36.0
12;10;0.0;1.0;1.0;36250.0;1.0;1.0598484848484846;1.0;360.0;1.5;184.0;184000.0;33.0;2.6765972027203975;1.2844133584697783;33.0;736.290048348473;0.0;0.0;0.0;0.0;0.0;0.0;0.0;0.0;36250.0;360.0;33.0;184.0;184000.0;33.0
12;11;0.0;1.0;1.0;36250.0;1.0;1.0598484848484846;1.0;360.0;1.5;200.0;200000.0;36.0;3.444668952005305;1.3771680833645747;36.0;759.7205376181596;0.0;0.0;0.0;0.0;0.0;0.0;0.0;0.0;36250.0;360.0;36.0;200.0;200000.0;36.0
12;12;0.0;1.0;1.0;36250.0;1.0;1.0598484848484846;1.0;360.0;1.5;184.0;184000.0;33.0;14.197911163863917;1.168013559339631;33.0;715.0742324700637;0.0;0.0;0.0;0.0;0.0;0.0;0.0;0.0;36250.0;360.0;33.0;184.0;184000.0;33.0
12;13;0.0;1.0;1.0;36250.0;1.0;1.0598484848484846;1.0;360.0;1.5;176.0;176000.0;31.0;1.633038225483233;1.1891721908119275;31.0;726.6809007112765;0.0;0.0;0.0;0.0;0.0;0.0;0.0;0.0;36250.0;360.0;31.0;176.0;176000.0;31.0
12;14;0.0;1.0;1.0;36250.0;1.0;1.0598484848484846;1.0;360.0;1.5;200.0;200000.0;35.0;4.400731680596431;1.3580846780886615;35.0;744.7882153673332;0.0;0.0;0.0;0.0;0.0;0.0;0.0;0.0;36250.0;360.0;35.0;200.0;200000.0;35.0
12;15;0.0;1.0;1.0;36250.0;1.0;1.0598484848484846;1.0;360.0;1.5;184.0;184000.0;33.0;2.0956132446721516;1.2366136571612296;33.0;740.3593948753097;0.0;0.0;0.0;0.0;0.0;0.0;0.0;0.0;36250.0;360.0;33.0;184.0;184000.0;33.0
13;0;0.0;2.3038846865192433;1.6647727272727273;56148.0;14.461538461538462;1.9324494949494953;1.6666666666666667;565.0;7.0;148.0;148000.0;26.0;1.1730711160798422;1.053978946185006;26.0;674.6602284722426;0.0;0.0;0.0;0.0;0.0;0.0;0.0;0.0;56148.0;565.0;26.0;148.0;148000.0;26.0
13;1;0.0;3.669226410964436;1.167123287671233;49378.0;117.0;1.7815656565656568;1.3333333333333333;520.0;7.0;140.0;140000.0;25.0;1.1194101463993504;1.00357271887921;25.0;663.437950819343;0.0;0.0;0.0;0.0;0.0;0.0;0.0;0.0;49378.0;520.0;25.0;140.0;140000.0;25.0
13;2;0.0;3.7433758042360115;1.5661764705882353;55568.0;169.0;1.8635101010101007;1.5;525.0;7.0;152.0;152000.0;27.0;1.5195518873227996;1.0411677737750662;27.0;681.2491319659329;0.0;0.0;0.0;0.0;0.0;0.0;0.0;0.0;55568.0;525.0;27.0;152.0;152000.0;27.0
13;3;0.0;5.939081323375305;1.646551724137931;58035.0;285.0;2.1444444444444444;1.75;605.0;7.0;148.0;148000.0;26.0;1.16284633402267;1.0478189648247174;26.0;675.0739740306965;0.0;0.0;0.0;0.0;0.0;0.0;0.0;0.0;58035.0;605.0;26.0;148.0;148000.0;26.0
13;4;0.0;4.563260481026163;1.3994708994708995;51931.0;169.0;1.862878787878788;1.5;544.0;8.0;144.0;144000.0;26.0;1.1762078525212478;1.0240393231100076;26.0;676.7230332926654;0.0;0.0;0.0;0.0;0.0;0.0;0.0;0.0;51931.0;544.0;26.0;144.0;144000.0;26.0
13;5;0.0;2.1862062127907835;1.5639344262295083;54765.0;17.694444444444443;1.8625;1.5;549.0;8.0;144.0;144000.0;25.0;1.1017429041701419;1.0312680471908258;25.0;661.9489394011171;0.0;0.0;0.0;0.0;0.0;0.0;0.0;0.0;54765.0;549.0;25.0;144.0;144000.0;25.0
13;6;0.0;3.145000204288487;1.625;54467.0;117.0;1.9054292929292935;1.5;553.0;8.0;156.0;156000.0;27.0;1.3751424581132325;1.0495932826029912;27.0;681.9782345044633;0.0;0.0;0.0;0.0;0.0;0.0;0.0;0.0;54467.0;553.0;27.0;156.0;156000.0;27.0
13;7;0.0;2.605565326795711;1.7733333333333334;57639.0;18.47826086956522;2.0627525252525256;1.6666666666666667;587.0;7.0;144.0;144000.0;26.0;1.2116792397610419;1.010070401907013;26.0;675.0913335096867;0.0;0.0;0.0;0.0;0.0;0.0;0.0;0.0;57639.0;587.0;26.0;144.0;144000.0;26.0
13;8;0.0;1.0;1.0;36250.0;1.0;1.0598484848484846;1.0;360.0;1.5;192.0;192000.0;34.0;2.5782194685037076;1.3611985807236129;34.0;747.0178335205778;0.0;0.0;0.0;0.0;0.0;0.0;0.0;0.0;36250.0;360.0;34.0;192.0;192000.0;34.0
13;9;0.0;1.0;1.0;36250.0;1.0;1.0598484848484846;1.0;360.0;1.5;200.0;200000.0;36.0;4.034963352794019;1.3076434666500063;36.0;753.4282921923783;0.0;0.0;0.0;0.0;0.0;0.0;0.0;0.0;36250.0;360.0;36.0;200.0;200000.0;36.0
13;10;0.0;1.0;1.0;36250.0;1.0;1.0598484848484846;1.0;360.0;1.5;184.0;184000.0;33.0;2.6765972027203975;1.2844133584697783;33.0;736.290048348473;0.0;0.0;0.0;0.0;0.0;0.0;0.0;0.0;36250.0;360.0;33.0;184.0;184000.0;33.0
13;11;0.0;1.0;1.0;36250.0;1.0;1.0598484848484846;1.0;360.0;1.5;200.0;200000.0;36.0;3.444668952005305;1.3771680833645747;36.0;759.7205376181596;0.0;0.0;0.0;0.0;0.0;0.0;0.0;0.0;36250.0;360.0;36.0;200.0;200000.0;36.0
13;12;0.0;1.0;1.0;36250.0;1.0;1.0598484848484846;1.0;360.0;1.5;184.0;184000.0;33.0;14.197911163863917;1.168013559339631;33.0;715.0742324700637;0.0;0.0;0.0;0.0;0.0;0.0;0.0;0.0;36250.0;360.0;33.0;184.0;184000.0;33.0
13;13;0.0;1.0;1.0;36250.0;1.0;1.0598484848484846;1.0;360.0;1.5;176.0;176000.0;31.0;1.633038225483233;1.1891721908119275;31.0;726.6809007112765;0.0;0.0;0.0;0.0;0.0;0.0;0.0;0.0;36250.0;360.0;31.0;176.0;176000.0;31.0
13;14;0.0;1.0;1.0;36250.0;1.0;1.0598484848484846;1.0;360.0;1.5;200.0;200000.0;35.0;4.400731680596431;1.3580846780886615;35.0;744.7882153673332;0.0;0.0;0.0;0.0;0.0;0.0;0.0;0.0;36250.0;360.0;35.0;200.0;200000.0;35.0
13;15;0.0;1.0;1.0;36250.0;1.0;1.0598484848484846;1.0;360.0;1.5;184.0;184000.0;33.0;2.0956132446721516;1.2366136571612296;33.0;740.3593948753097;0.0;0.0;0.0;0.0;0.0;0.0;0.0;0.0;36250.0;360.0;33.0;184.0;184000.0;33.0
14;0;0.0;2.221939346308908;1.542857142857143;54260.0;14.666666666666666;1.8546717171717169;1.3333333333333333;532.0;7.0;152.0;152000.0;27.0;1.2314009185320922;1.057835386709356;27.0;687.626665231235;0.0;0.0;0.0;0.0;0.0;0.0;0.0;0.0;54260.0;532.0;27.0;152.0;152000.0;27.0
14;1;0.0;3.669931962722619;1.167123287671233;49438.0;117.0;1.7803030303030303;1.3333333333333333;519.0;7.0;140.0;140000.0;25.0;1.114142184642907;1.0038447252978908;25.0;663.6741775788745;0.0;0.0;0.0;0.0;0.0;0.0;0.0;0.0;49438.0;519.0;25.0;140.0;140000.0;25.0
14;2;0.0;3.4017447447280658;1.5;55714.0;117.0;1.8438131313131307;1.3333333333333333;525.0;7.0;148.0;148000.0;26.0;1.1587658003713637;1.0400283812189364;26.0;675.3168925849385;0.0;0.0;0.0;0.0;0.0;0.0;0.0;0.0;55714.0;525.0;26.0;148.0;148000.0;26.0
14;3;0.0;5.284716887458335;1.630225080385852;59504.0;351.0;2.1390151515151516;1.6666666666666667;600.0;9.0;140.0;140000.0;25.0;1.115553579999824;1.013664193326035;25.0;663.637688079187;0.0;0.0;0.0;0.0;0.0;0.0;0.0;0.0;59504.0;600.0;25.0;140.0;140000.0;25.0
14;4;0.0;6.460703693241659;1.474264705882353;53761.0;403.0;2.0497474747474747;1.5;593.0;7.0;140.0;140000.0;25.0;1.1216355946069032;1.0122482032594395;25.0;663.3531150048742;0.0;0.0;0.0;0.0;0.0;0.0;0.0;0.0;53761.0;593.0;25.0;140.0;140000.0;25.0
14;5;0.0;2.868329236323383;1.3790849673202614;52045.0;117.0;1.69520202020202;1.4;505.0;7.0;152.0;152000.0;27.0;1.3327616186541809;1.0612538006151735;27.0;684.8859146371254;0.0;0.0;0.0;0.0;0.0;0.0;0.0;0.0;52045.0;505.0;27.0;152.0;152000.0;27.0
14;6;0.0;3.8145614871924027;1.5490196078431373;52497.0;233.0;1.8097222222222227;1.5;540.0;7.0;140.0;140000.0;25.0;1.137281677538942;1.0245971625489245;25.0;662.9787841187248;0.0;0.0;0.0;0.0;0.0;0.0;0.0;0.0;52497.0;540.0;25.0;140.0;140000.0;25.0
14;7;0.0;2.583421026643819;1.794788273615635;58584.0;17.694444444444443;2.0895202020202017;1.6666666666666667;600.0;7.0;156.0;156000.0;28.0;1.5125326869494053;1.049936741311336;28.0;694.9840615001824;0.0;0.0;0.0;0.0;0.0;0.0;0.0;0.0;58584.0;600.0;28.0;156.0;156000.0;28.0
14;8;0.0;1.0;1.0;36250.0;1.0;1.0598484848484846;1.0;360.0;1.5;192.0;192000.0;34.0;2.5782194685037076;1.3611985807236129;34.0;747.0178335205778;0.0;0.0;0.0;0.0;0.0;0.0;0.0;0.0;36250.0;360.0;34.0;192.0;192000.0;34.0
14;9;0.0;1.0;1.0;36250.0;1.0;1.0598484848484846;1.0;360.0;1.5;200.0;200000.0;36.0;4.034963352794019;1.3076434666500063;36.0;753.4282921923783;0.0;0.0;0.0;0.0;0.0;0.0;0.0;0.0;36250.0;360.0;36.0;200.0;200000.0;36.0
14;10;0.0;1.0;1.0;36250.0;1.0;1.0598484848484846;1.0;360.0;1.5;184.0;184000.0;33.0;2.6765972027203975;1.2844133584697783;33.0;736.290048348473;0.0;0.0;0.0;0.0;0.0;0.0;0.0;0.0;36250.0;360.0;33.0;184.0;184000.0;33.0
14;11;0.0;1.0;1.0;36250.0;1.0;1.0598484848484846;1.0;360.0;1.5;200.0;200000.0;36.0;3.444668952005305;1.3771680833645747;36.0;759.7205376181596;0.0;0.0;0.0;0.0;0.0;0.0;0.0;0.0;36250.0;360.0;36.0;200.0;200000.0;36.0
14;12;0.0;1.0;1.0;36250.0;1.0;1.0598484848484846;1.0;360.0;1.5;184.0;184000.0;33.0;14.197911163863917;1.168013559339631;33.0;715.0742324700637;0.0;0.0;0.0;0.0;0.0;0.0;0.0;0.0;36250.0;360.0;33.0;184.0;184000.0;33.0
14;13;0.0;1.0;1.0;36250.0;1.0;1.0598484848484846;1.0;360.0;1.5;176.0;176000.0;31.0;1.633038225483233;1.1891721908119275;31.0;726.6809007112765;0.0;0.0;0.0;0.0;0.0;0.0;0.0;0.0;36250.0;360.0;31.0;176.0;176000.0;31.0
14;14;0.0;1.0;1.0;36250.0;1.0;1.0598484848484846;1.0;360.0;1.5;200.0;200000.0;35.0;4.400731680596431;1.3580846780886615;35.0;744.7882153673332;0.0;0.0;0.0;0.0;0.0;0.0;0.0;0.0;36250.0;360.0;35.0;200.0;200000.0;35.0
14;15;0.0;1.0;1.0;36250.0;1.0;1.0598484848484846;1.0;360.0;1.5;184.0;184000.0;33.0;2.0956132446721516;1.2366136571612296;33.0;740.3593948753097;0.0;0.0;0.0;0.0;0.0;0.0;0.0;0.0;36250.0;360.0;33.0;184.0;184000.0;33.0
15;0;0.0;2.0210064247260764;1.323943661971831;51679.0;13.083333333333334;1.700631313131313;1.3333333333333333;503.0;5.0;152.0;152000.0;27.0;1.225939595555085;1.115471779493539;27.0;688.0624349685197;0.0;0.0;0.0;0.0;0.0;0.0;0.0;0.0;51679.0;503.0;27.0;152.0;152000.0;27.0
15;1;0.0;3.7237363894806332;1.1932773109243697;49767.0;117.0;1.7941919191919193;1.3333333333333333;522.0;7.0;148.0;148000.0;26.0;1.2065624777905617;1.0074213371839216;26.0;673.63893139275;0.0;0.0;0.0;0.0;0.0;0.0;0.0;0.0;49767.0;522.0;26.0;148.0;148000.0;26.0
15;2;0.0;3.6614108857881225;1.5;55148.0;169.0;1.855934343434343;1.3333333333333333;529.0;9.0;152.0;152000.0;27.0;1.2639814239805707;1.0844222740335088;27.0;685.9425951558534;0.0;0.0;0.0;0.0;0.0;0.0;0.0;0.0;55148.0;529.0;27.0;152.0;152000.0;27.0
15;3;0.0;3.9757016032762076;1.5886524822695036;54584.0;117.0;1.808712121212121;1.5;535.0;7.0;144.0;144000.0;25.0;1.1066763691603811;1.0362574984743986;25.0;661.8459554519746;0.0;0.0;0.0;0.0;0.0;0.0;0.0;0.0;54584.0;535.0;25.0;144.0;144000.0;25.0
15;4;0.0;4.656763167816731;1.4545454545454546;53080.0;169.0;1.974368686868687;1.5;579.0;8.0;144.0;144000.0;26.0;1.1798739756934498;1.0276541738174272;26.0;676.6148650070928;0.0;0.0;0.0;0.0;0.0;0.0;0.0;0.0;53080.0;579.0;26.0;144.0;144000.0;26.0
15;5;0.0;3.887411245953054;1.474264705882353;53829.0;117.0;1.8295454545454544;1.5;536.0;7.0;152.0;152000.0;27.0;1.2335337163899938;1.0985188304436186;27.0;687.723998076735;0.0;0.0;0.0;0.0;0.0;0.0;0.0;0.0;53829.0;536.0;27.0;152.0;152000.0;27.0
15;6;0.0;5.396916410314727;1.7763157894736843;55013.0;233.0;1.907954545454545;1.6666666666666667;562.0;8.0;144.0;144000.0;26.0;1.2060072386675234;1.0088883059756453;26.0;675.606956999101;0.0;0.0;0.0;0.0;0.0;0.0;0.0;0.0;55013.0;562.0;26.0;144.0;144000.0;26.0
15;7;0.0;2.0880656393806043;1.5;53255.0;11.074074074074074;1.8808080808080807;1.5;546.0;8.0;156.0;156000.0;28.0;1.338446266164593;1.1047187447449145;28.0;698.2224816172253;0.0;0.0;0.0;0.0;0.0;0.0;0.0;0.0;53255.0;546.0;28.0;156.0;156000.0;28.0
15;8;0.0;1.0;1.0;36250.0;1.0;1.0598484848484846;1.0;360.0;1.5;192.0;192000.0;34.0;2.5782194685037076;1.3611985807236129;34.0;747.0178335205778;0.0;0.0;0.0;0.0;0.0;0.0;0.0;0.0;36250.0;360.0;34.0;192.0;192000.0;34.0
15;9;0.0;1.0;1.0;36250.0;1.0;1.0598484848484846;1.0;360.0;1.5;200.0;200000.0;36.0;4.034963352794019;1.3076434666500063;36.0;753.4282921923783;0.0;0.0;0.0;0.0;0.0;0.0;0.0;0.0;36250.0;360.0;36.0;200.0;200000.0;36.0
15;10;0.0;1.0;1.0;36250.0;1.0;1.0598484848484846;1.0;360.0;1.5;184.0;184000.0;33.0;2.6765972027203975;1.2844133584697783;33.0;736.290048348473;0.0;0.0;0.0;0.0;0.0;0.0;0.0;0.0;36250.0;360.0;33.0;184.0;184000.0;33.0
15;11;0.0;1.0;1.0;36250.0;1.0;1.0598484848484846;1.0;360.0;1.5;200.0;200000.0;36.0;3.444668952005305;1.3771680833645747;36.0;759.7205376181596;0.0;0.0;0.0;0.0;0.0;0.0;0.0;0.0;36250.0;360.0;36.0;200.0;200000.0;36.0
15;12;0.0;1.0;1.0;36250.0;1.0;1.0598484848484846;1.0;360.0;1.5;184.0;184000.0;33.0;14.197911163863917;1.168013559339631;33.0;715.0742324700637;0.0;0.0;0.0;0.0;0.0;0.0;0.0;0.0;36250.0;360.0;33.0;184.0;184000.0;33.0
15;13;0.0;1.0;1.0;36250.0;1.0;1.0598484848484846;1.0;360.0;1.5;176.0;176000.0;31.0;1.633038225483233;1.1891721908119275;31.0;726.6809007112765;0.0;0.0;0.0;0.0;0.0;0.0;0.0;0.0;36250.0;360.0;31.0;176.0;176000.0;31.0
15;14;0.0;1.0;1.0;36250.0;1.0;1.0598484848484846;1.0;360.0;1.5;200.0;200000.0;35.0;4.400731680596431;1.3580846780886615;35.0;744.7882153673332;0.0;0.0;0.0;0.0;0.0;0.0;0.0;0.0;36250.0;360.0;35.0;200.0;200000.0;35.0
15;15;0.0;1.0;1.0;36250.0;1.0;1.0598484848484846;1.0;360.0;1.5;184.0;184000.0;33.0;2.0956132446721516;1.2366136571612296;33.0;740.3593948753097;0.0;0.0;0.0;0.0;0.0;0.0;0.0;0.0;36250.0;360.0;33.0;184.0;184000.0;33.0
16;0;0.0;1.892379326017727;1.46;52104.0;8.304347826086957;1.755555555555555;1.5;529.0;8.0;144.0;144000.0;25.0;1.1031016640860682;1.0128787533488304;25.0;661.841495139734;0.0;0.0;0.0;0.0;0.0;0.0;0.0;0.0;52104.0;529.0;25.0;144.0;144000.0;25.0
16;1;0.0;4.053741296822377;1.3125;50263.0;169.0;1.8137626262626263;1.3333333333333333;530.0;7.0;148.0;148000.0;26.0;1.1849853608295768;1.014281077572217;26.0;674.1103178358105;0.0;0.0;0.0;0.0;0.0;0.0;0.0;0.0;50263.0;530.0;26.0;148.0;148000.0;26.0
16;2;0.0;4.973535169452631;1.640625;56250.0;320.0;1.9671717171717173;1.5;538.0;8.0;148.0;148000.0;26.0;1.1608290112876845;1.0785443964825074;26.0;675.1951504696542;0.0;0.0;0.0;0.0;0.0;0.0;0.0;0.0;56250.0;538.0;26.0;148.0;148000.0;26.0
16;3;0.0;2.1035598237292916;1.5286458333333333;52814.0;9.347826086956522;1.8547979797979794;1.5;540.0;7.0;144.0;144000.0;25.0;1.1941676077426313;1.0148643802899808;25.0;659.5139104657846;0.0;0.0;0.0;0.0;0.0;0.0;0.0;0.0;52814.0;540.0;25.0;144.0;144000.0;25.0
16;4;0.0;3.9447565865711343;1.4545454545454546;53795.0;117.0;1.944191919191919;1.6666666666666667;568.0;8.0;144.0;144000.0;26.0;1.1684535727388252;1.0173675952595191;26.0;677.2266006912824;0.0;0.0;0.0;0.0;0.0;0.0;0.0;0.0;53795.0;568.0;26.0;144.0;144000.0;26.0
16;5;1.0;6.397135684870049;1.6820809248554913;57760.0;403.0;2.1371212121212118;1.6666666666666667;608.0;7.0;140.0;140000.0;25.0;1.118954497143672;1.0133765707336848;25.0;663.5576509876577;4.0;0.0;0.0;0.0;0.0;0.0;0.0;0.0;57760.0;608.0;25.0;140.0;140000.0;25.0
16;6;0.0;3.848586601124672;1.6825396825396826;53570.0;117.0;1.809848484848485;1.5;544.0;5.0;148.0;148000.0;26.0;1.1547658593127943;1.0447780252998806;26.0;675.4784070424665;0.0;0.0;0.0;0.0;0.0;0.0;0.0;0.0;53570.0;544.0;26.0;148.0;148000.0;26.0
16;7;0.0;2.941903755296901;1.5;53375.0;117.0;1.8387626262626264;1.5;555.0;5.0;160.0;160000.0;28.0;1.3165565976559805;1.081009663025266;28.0;697.0797091247456;0.0;0.0;0.0;0.0;0.0;0.0;0.0;0.0;53375.0;555.0;28.0;160.0;160000.0;28.0
16;8;0.0;1.0;1.0;36250.0;1.0;1.0598484848484846;1.0;360.0;1.5;192.0;192000.0;34.0;2.5782194685037076;1.3611985807236129;34.0;747.0178335205778;0.0;0.0;0.0;0.0;0.0;0.0;0.0;0.0;36250.0;360.0;34.0;192.0;192000.0;34.0
16;9;0.0;1.0;1.0;36250.0;1.0;1.0598484848484846;1.0;360.0;1.5;200.0;200000.0;36.0;4.034963352794019;1.3076434666500063;36.0;753.4282921923783;0.0;0.0;0.0;0.0;0.0;0.0;0.0;0.0;36250.0;360.0;36.0;200.0;200000.0;36.0
16;10;0.0;1.0;1.0;36250.0;1.0;1.0598484848484846;1.0;360.0;1.5;184.0;184000.0;33.0;2.6765972027203975;1.2844133584697783;33.0;736.290048348473;0.0;0.0;0.0;0.0;0.0;0.0;0.0;0.0;36250.0;360.0;33.0;184.0;184000.0;33.0
16;11;0.0;1.0;1.0;36250.0;1.0;1.0598484848484846;1.0;360.0;1.5;200.0;200000.0;36.0;3.444668952005305;1.3771680833645747;36.0;759.7205376181596;0.0;0.0;0.0;0.0;0.0;0.0;0.0;0.0;36250.0;360.0;36.0;200.0;200000.0;36.0
16;12;0.0;1.0;1.0;36250.0;1.0;1.0598484848484846;1.0;360.0;1.5;184.0;184000.0;33.0;14.197911163863917;1.168013559339631;33.0;715.0742324700637;0.0;0.0;0.0;0.0;0.0;0.0;0.0;0.0;36250.0;360.0;33.0;184.0;184000.0;33.0
16;13;0.0;1.0;1.0;36250.0;1.0;1.0598484848484846;1.0;360.0;1.5;176.0;176000.0;31.0;1.633038225483233;1.1891721908119275;31.0;726.6809007112765;0.0;0.0;0.0;0.0;0.0;0.0;0.0;0.0;36250.0;360.0;31.0;176.0;176000.0;31.0
16;14;0.0;1.0;1.0;36250.0;1.0;1.0598484848484846;1.0;360.0;1.5;200.0;200000.0;35.0;4.400731680596431;1.3580846780886615;35.0;744.7882153673332;0.0;0.0;0.0;0.0;0.0;0.0;0.0;0.0;36250.0;360.0;35.0;200.0;200000.0;35.0
16;15;0.0;1.0;1.0;36250.0;1.0;1.0598484848484846;1.0;360.0;1.5;184.0;184000.0;33.0;2.0956132446721516;1.2366136571612296;33.0;740.3593948753097;0.0;0.0;0.0;0.0;0.0;0.0;0.0;0.0;36250.0;360.0;33.0;184.0;184000.0;33.0
17;0;0.0;3.108127668151019;1.323943661971831;49778.0;169.0;1.7454545454545456;1.5;523.0;5.0;152.0;152000.0;27.0;1.2135570737335106;1.0621687361254208;27.0;688.4281364010188;0.0;0.0;0.0;0.0;0.0;0.0;0.0;0.0;49778.0;523.0;27.0;152.0;152000.0;27.0
17;1;0.0;2.556403561789185;1.1932773109243697;47131.0;117.0;1.5840909090909094;1.3333333333333333;482.0;5.0;144.0;144000.0;25.0;1.105660294519974;1.024908697716845;25.0;661.8017375082316;0.0;0.0;0.0;0.0;0.0;0.0;0.0;0.0;47131.0;482.0;25.0;144.0;144000.0;25.0
17;2;0.0;2.311620544258079;1.49079754601227;53290.0;18.47826086956522;1.7070707070707067;1.3333333333333333;496.0;5.0;148.0;148000.0;26.0;1.209249047551617;1.0731136153078467;26.0;673.3959040316038;0.0;0.0;0.0;0.0;0.0;0.0;0.0;0.0;53290.0;496.0;26.0;148.0;148000.0;26.0
17;3;0.0;2.0595897723901944;1.4853801169590644;52257.0;9.347826086956522;1.8103535353535352;1.5;532.0;7.0;144.0;144000.0;25.0;1.101245311868316;1.0316073014872338;25.0;662.0519760800057;0.0;0.0;0.0;0.0;0.0;0.0;0.0;0.0;52257.0;532.0;25.0;144.0;144000.0;25.0
17;4;0.0;1.9729002299150573;1.2533333333333334;50358.0;13.347826086956522;1.7184343434343432;1.3333333333333333;515.0;5.0;144.0;144000.0;25.0;1.102334878627433;1.046871946623489;25.0;662.0605990833229;0.0;0.0;0.0;0.0;0.0;0.0;0.0;0.0;50358.0;515.0;25.0;144.0;144000.0;25.0
17;5;0.0;5.170814495447528;1.75;57812.0;169.0;2.043686868686869;1.6666666666666667;589.0;9.0;148.0;148000.0;26.0;1.1678382078460652;1.028425685959933;26.0;674.7863281611544;0.0;0.0;0.0;0.0;0.0;0.0;0.0;0.0;57812.0;589.0;26.0;148.0;148000.0;26.0
17;6;0.0;3.7121775435942497;1.6077922077922078;51985.0;117.0;1.7228535353535355;1.5;523.0;5.0;148.0;148000.0;26.0;1.1897443902162743;1.0498675417118206;26.0;673.9768773366917;0.0;0.0;0.0;0.0;0.0;0.0;0.0;0.0;51985.0;523.0;26.0;148.0;148000.0;26.0
17;7;0.0;2.804802812965857;1.3295454545454546;51600.0;117.0;1.7376262626262633;1.3333333333333333;526.0;5.0;160.0;160000.0;28.0;1.3909746338813858;1.1273180477356566;28.0;695.6410256532411;0.0;0.0;0.0;0.0;0.0;0.0;0.0;0.0;51600.0;526.0;28.0;160.0;160000.0;28.0
17;8;0.0;1.0;1.0;36250.0;1.0;1.0598484848484846;1.0;360.0;1.5;192.0;192000.0;34.0;2.5782194685037076;1.3611985807236129;34.0;747.0178335205778;0.0;0.0;0.0;0.0;0.0;0.0;0.0;0.0;36250.0;360.0;34.0;192.0;192000.0;34.0
17;9;0.0;1.0;1.0;36250.0;1.0;1.0598484848484846;1.0;360.0;1.5;200.0;200000.0;36.0;4.034963352794019;1.3076434666500063;36.0;753.4282921923783;0.0;0.0;0.0;0.0;0.0;0.0;0.0;0.0;36250.0;360.0;36.0;200.0;200000.0;36.0
17;10;0.0;1.0;1.0;36250.0;1.0;1.0598484848484846;1.0;360.0;1.5;184.0;184000.0;33.0;2.6765972027203975;1.2844133584697783;33.0;736.290048348473;0.0;0.0;0.0;0.0;0.0;0.0;0.0;0.0;36250.0;360.0;33.0;184.0;184000.0;33.0
17;11;0.0;1.0;1.0;36250.0;1.0;1.0598484848484846;1.0;360.0;1.5;200.0;200000.0;36.0;3.444668952005305;1.3771680833645747;36.0;759.7205376181596;0.0;0.0;0.0;0.0;0.0;0.0;0.0;0.0;36250.0;360.0;36.0;200.0;200000.0;36.0
17;12;0.0;1.0;1.0;36250.0;1.0;1.0598484848484846;1.0;360.0;1.5;184.0;184000.0;33.0;14.197911163863917;1.168013559339631;33.0;715.0742324700637;0.0;0.0;0.0;0.0;0.0;0.0;0.0;0.0;36250.0;360.0;33.0;184.0;184000.0;33.0
17;13;0.0;1.0;1.0;36250.0;1.0;1.0598484848484846;1.0;360.0;1.5;176.0;176000.0;31.0;1.633038225483233;1.1891721908119275;31.0;726.6809007112765;0.0;0.0;0.0;0.0;0.0;0.0;0.0;0.0;36250.0;360.0;31.0;176.0;176000.0;31.0
17;14;0.0;1.0;1.0;36250.0;1.0;1.0598484848484846;1.0;360.0;1.5;200.0;200000.0;35.0;4.400731680596431;1.3580846780886615;35.0;744.7882153673332;0.0;0.0;0.0;0.0;0.0;0.0;0.0;0.0;36250.0;360.0;35.0;200.0;200000.0;35.0
17;15;0.0;1.0;1.0;36250.0;1.0;1.0598484848484846;1.0;360.0;1.5;184.0;184000.0;33.0;2.0956132446721516;1.2366136571612296;33.0;740.3593948753097;0.0;0.0;0.0;0.0;0.0;0.0;0.0;0.0;36250.0;360.0;33.0;184.0;184000.0;33.0
18;0;0.0;1.5591703512183628;1.051685393258427;45365.0;9.038461538461538;1.5347222222222223;1.25;472.0;5.0;148.0;148000.0;26.0;1.1585963832973987;1.0358305289180867;26.0;675.2516677322307;0.0;0.0;0.0;0.0;0.0;0.0;0.0;0.0;45365.0;472.0;26.0;148.0;148000.0;26.0
18;1;0.0;2.639930911804522;1.0517241379310345;47022.0;117.0;1.5503787878787882;1.2;472.0;5.0;156.0;156000.0;27.0;1.2861724686025118;1.05129440623768;27.0;683.1139107399728;0.0;0.0;0.0;0.0;0.0;0.0;0.0;0.0;47022.0;472.0;27.0;156.0;156000.0;27.0
18;2;0.0;2.1883107507298973;1.439252336448598;51908.0;18.47826086956522;1.6039141414141411;1.3333333333333333;483.0;5.0;144.0;144000.0;25.0;1.1101378207472934;1.011554196825968;25.0;661.4979873661189;0.0;0.0;0.0;0.0;0.0;0.0;0.0;0.0;51908.0;483.0;25.0;144.0;144000.0;25.0
18;3;0.0;2.147878283124632;1.5771144278606966;52751.0;15.608695652173912;1.8065656565656563;1.5;536.0;7.0;144.0;144000.0;25.0;1.099205779510581;1.009810307133805;25.0;662.0064578940104;0.0;0.0;0.0;0.0;0.0;0.0;0.0;0.0;52751.0;536.0;25.0;144.0;144000.0;25.0
18;4;0.0;3.666367368848988;1.2152777777777777;49025.0;235.0;1.642550505050505;1.25;491.0;5.0;144.0;144000.0;25.0;1.1103597247397712;1.0136162448896848;25.0;661.549266038112;0.0;0.0;0.0;0.0;0.0;0.0;0.0;0.0;49025.0;491.0;25.0;144.0;144000.0;25.0
18;5;0.0;5.557597677842102;1.5389610389610389;55427.0;235.0;2.0184343434343432;1.6666666666666667;578.0;7.0;148.0;148000.0;26.0;1.195560025522299;1.0250511101872997;26.0;673.7406147812688;0.0;0.0;0.0;0.0;0.0;0.0;0.0;0.0;55427.0;578.0;26.0;148.0;148000.0;26.0
18;6;0.0;3.507118143518552;1.3790849673202614;49240.0;117.0;1.633080808080808;1.3333333333333333;496.0;5.0;148.0;148000.0;26.0;1.2028870537135279;1.0244455473043428;26.0;673.1830995258314;0.0;0.0;0.0;0.0;0.0;0.0;0.0;0.0;49240.0;496.0;26.0;148.0;148000.0;26.0
18;7;0.0;1.864646941344735;1.2152777777777777;49996.0;7.396551724137931;1.686489898989899;1.25;508.0;8.0;148.0;148000.0;26.0;1.1938774982711107;1.0309089409586998;26.0;673.6196473659459;0.0;0.0;0.0;0.0;0.0;0.0;0.0;0.0;49996.0;508.0;26.0;148.0;148000.0;26.0
18;8;0.0;1.0;1.0;36250.0;1.0;1.0598484848484846;1.0;360.0;1.5;192.0;192000.0;34.0;2.5782194685037076;1.3611985807236129;34.0;747.0178335205778;0.0;0.0;0.0;0.0;0.0;0.0;0.0;0.0;36250.0;360.0;34.0;192.0;192000.0;34.0
18;9;0.0;1.0;1.0;36250.0;1.0;1.0598484848484846;1.0;360.0;1.5;200.0;200000.0;36.0;4.034963352794019;1.3076434666500063;36.0;753.4282921923783;0.0;0.0;0.0;0.0;0.0;0.0;0.0;0.0;36250.0;360.0;36.0;200.0;200000.0;36.0
18;10;0.0;1.0;1.0;36250.0;1.0;1.0598484848484846;1.0;360.0;1.5;184.0;184000.0;33.0;2.6765972027203975;1.2844133584697783;33.0;736.290048348473;0.0;0.0;0.0;0.0;0.0;0.0;0.0;0.0;36250.0;360.0;33.0;184.0;184000.0;33.0
18;11;0.0;1.0;1.0;36250.0;1.0;1.0598484848484846;1.0;360.0;1.5;200.0;200000.0;36.0;3.444668952005305;1.3771680833645747;36.0;759.7205376181596;0.0;0.0;0.0;0.0;0.0;0.0;0.0;0.0;36250.0;360.0;36.0;200.0;200000.0;36.0
18;12;0.0;1.0;1.0;36250.0;1.0;1.0598484848484846;1.0;360.0;1.5;184.0;184000.0;33.0;14.197911163863917;1.168013559339631;33.0;715.0742324700637;0.0;0.0;0.0;0.0;0.0;0.0;0.0;0.0;36250.0;360.0;33.0;184.0;184000.0;33.0
18;13;0.0;1.0;1.0;36250.0;1.0;1.0598484848484846;1.0;360.0;1.5;176.0;176000.0;31.0;1.633038225483233;1.1891721908119275;31.0;726.6809007112765;0.0;0.0;0.0;0.0;0.0;0.0;0.0;0.0;36250.0;360.0;31.0;176.0;176000.0;31.0
18;14;0.0;1.0;1.0;36250.0;1.0;1.0598484848484846;1.0;360.0;1.5;200.0;200000.0;35.0;4.400731680596431;1.3580846780886615;35.0;744.7882153673332;0.0;0.0;0.0;0.0;0.0;0.0;0.0;0.0;36250.0;360.0;35.0;200.0;200000.0;35.0
18;15;0.0;1.0;1.0;36250.0;1.0;1.0598484848484846;1.0;360.0;1.5;184.0;184000.0;33.0;2.0956132446721516;1.2366136571612296;33.0;740.3593948753097;0.0;0.0;0.0;0.0;0.0;0.0;0.0;0.0;36250.0;360.0;33.0;184.0;184000.0;33.0
19;0;0.0;1.4797741790842316;1.0155844155844156;44477.0;6.72093023255814;1.513257575757576;1.2;470.0;7.0;144.0;144000.0;25.0;1.1070044278926852;1.016791750881502;25.0;661.6624998871168;0.0;0.0;0.0;0.0;0.0;0.0;0.0;0.0;44477.0;470.0;25.0;144.0;144000.0;25.0
19;1;0.0;2.538072251107449;1.1932773109243697;46875.0;117.0;1.6154040404040406;1.3333333333333333;476.0;5.0;148.0;148000.0;26.0;1.1912390976595868;1.0464921582854274;26.0;673.8912041579583;0.0;0.0;0.0;0.0;0.0;0.0;0.0;0.0;46875.0;476.0;26.0;148.0;148000.0;26.0
19;2;0.0;2.047058362861349;1.3307692307692307;50804.0;11.5;1.5371212121212117;1.2;480.0;3.5;144.0;144000.0;25.0;1.0986469161780146;1.0229516246176718;25.0;662.0992595400372;0.0;0.0;0.0;0.0;0.0;0.0;0.0;0.0;50804.0;480.0;25.0;144.0;144000.0;25.0
19;3;0.0;1.9282093570165735;1.3766233766233766;48963.0;15.608695652173912;1.6066919191919191;1.3333333333333333;493.0;5.0;144.0;144000.0;25.0;1.1023299129096094;1.0452621749815338;25.0;661.9547115845928;0.0;0.0;0.0;0.0;0.0;0.0;0.0;0.0;48963.0;493.0;25.0;144.0;144000.0;25.0
19;4;0.0;4.3985808679901375;1.1639871382636655;49811.0;320.0;1.7488636363636363;1.3333333333333333;523.0;7.0;144.0;144000.0;25.0;1.1074980835699602;1.0147945773887987;25.0;661.5802330706881;0.0;0.0;0.0;0.0;0.0;0.0;0.0;0.0;49811.0;523.0;25.0;144.0;144000.0;25.0
19;5;0.0;3.9291205204894966;1.3066666666666666;47996.0;169.0;1.6534090909090906;1.3333333333333333;500.0;5.0;152.0;152000.0;27.0;1.4057871288519905;1.1040696005476185;27.0;684.0048559773138;0.0;0.0;0.0;0.0;0.0;0.0;0.0;0.0;47996.0;500.0;27.0;152.0;152000.0;27.0
19;6;0.0;4.272586365637287;1.5460992907801419;52705.0;169.0;1.8924242424242421;1.5;544.0;6.0;152.0;152000.0;27.0;1.3168933257807423;1.065479012727147;27.0;684.7075464493861;0.0;0.0;0.0;0.0;0.0;0.0;0.0;0.0;52705.0;544.0;27.0;152.0;152000.0;27.0
19;7;0.0;4.334056278249072;1.439153439153439;50846.0;169.0;1.671464646464646;1.5;509.0;5.0;144.0;144000.0;25.0;1.092872998899269;1.0658165398147612;25.0;662.4788163826303;0.0;0.0;0.0;0.0;0.0;0.0;0.0;0.0;50846.0;509.0;25.0;144.0;144000.0;25.0
19;8;0.0;1.0;1.0;36250.0;1.0;1.0598484848484846;1.0;360.0;1.5;192.0;192000.0;34.0;2.5782194685037076;1.3611985807236129;34.0;747.0178335205778;0.0;0.0;0.0;0.0;0.0;0.0;0.0;0.0;36250.0;360.0;34.0;192.0;192000.0;34.0
19;9;0.0;1.0;1.0;36250.0;1.0;1.0598484848484846;1.0;360.0;1.5;200.0;200000.0;36.0;4.034963352794019;1.3076434666500063;36.0;753.4282921923783;0.0;0.0;0.0;0.0;0.0;0.0;0.0;0.0;36250.0;360.0;36.0;200.0;200000.0;36.0
19;10;0.0;1.0;1.0;36250.0;1.0;1.0598484848484846;1.0;360.0;1.5;184.0;184000.0;33.0;2.6765972027203975;1.2844133584697783;33.0;736.290048348473;0.0;0.0;0.0;0.0;0.0;0.0;0.0;0.0;36250.0;360.0;33.0;184.0;184000.0;33.0
19;11;0.0;1.0;1.0;36250.0;1.0;1.0598484848484846;1.0;360.0;1.5;200.0;200000.0;36.0;3.444668952005305;1.3771680833645747;36.0;759.7205376181596;0.0;0.0;0.0;0.0;0.0;0.0;0.0;0.0;36250.0;360.0;36.0;200.0;200000.0;36.0
19;12;0.0;1.0;1.0;36250.0;1.0;1.0598484848484846;1.0;360.0;1.5;184.0;184000.0;33.0;14.197911163863917;1.168013559339631;33.0;715.0742324700637;0.0;0.0;0.0;0.0;0.0;0.0;0.0;0.0;36250.0;360.0;33.0;184.0;184000.0;33.0
19;13;0.0;1.0;1.0;36250.0;1.0;1.0598484848484846;1.0;360.0;1.5;176.0;176000.0;31.0;1.633038225483233;1.1891721908119275;31.0;726.6809007112765;0.0;0.0;0.0;0.0;0.0;0.0;0.0;0.0;36250.0;360.0;31.0;176.0;176000.0;31.0
19;14;0.0;1.0;1.0;36250.0;1.0;1.0598484848484846;1.0;360.0;1.5;200.0;200000.0;35.0;4.400731680596431;1.3580846780886615;35.0;744.7882153673332;0.0;0.0;0.0;0.0;0.0;0.0;0.0;0.0;36250.0;360.0;35.0;200.0;200000.0;35.0
19;15;0.0;1.0;1.0;36250.0;1.0;1.0598484848484846;1.0;360.0;1.5;184.0;184000.0;33.0;2.0956132446721516;1.2366136571612296;33.0;740.3593948753097;0.0;0.0;0.0;0.0;0.0;0.0;0.0;0.0;36250.0;360.0;33.0;184.0;184000.0;33.0
20;0;0.0;1.2558635231638466;1.0;40315.0;6.809523809523809;1.3107323232323234;1.0;416.0;5.0;144.0;144000.0;25.0;1.1040194395364613;1.0197734063491093;25.0;661.8791639587077;0.0;0.0;0.0;0.0;0.0;0.0;0.0;0.0;40315.0;416.0;25.0;144.0;144000.0;25.0
20;1;0.0;3.18506552469466;1.2152777777777777;49330.0;169.0;1.688257575757576;1.3333333333333333;506.0;8.0;144.0;144000.0;25.0;1.1029373402542522;1.0203572610890161;25.0;661.9287965572;0.0;0.0;0.0;0.0;0.0;0.0;0.0;0.0;49330.0;506.0;25.0;144.0;144000.0;25.0
20;2;0.0;1.871014867531843;1.2907801418439717;48033.0;8.304347826086957;1.454671717171717;1.0;451.0;3.0;144.0;144000.0;25.0;1.0927751744969703;1.0410593820271508;25.0;662.4768256535367;0.0;0.0;0.0;0.0;0.0;0.0;0.0;0.0;48033.0;451.0;25.0;144.0;144000.0;25.0
20;3;0.0;1.8644991498886925;1.150561797752809;47152.0;18.47826086956522;1.4946969696969699;1.0;461.0;5.0;156.0;156000.0;27.0;1.275747247452811;1.08281879388424;27.0;683.7070743391473;0.0;0.0;0.0;0.0;0.0;0.0;0.0;0.0;47152.0;461.0;27.0;156.0;156000.0;27.0
20;4;0.0;3.7619373122653457;1.2898876404494382;49176.0;235.0;1.7141414141414142;1.5;515.0;5.0;136.0;136000.0;24.0;1.0511732748903329;1.00556861553313;24.0;650.4429140868772;0.0;0.0;0.0;0.0;0.0;0.0;0.0;0.0;49176.0;515.0;24.0;136.0;136000.0;24.0
20;5;0.0;5.0910030209123365;1.1245901639344262;46004.0;351.0;1.5185606060606058;1.0;468.0;7.0;148.0;148000.0;26.0;1.1521034856280243;1.0677309175723597;26.0;675.6660240821054;0.0;0.0;0.0;0.0;0.0;0.0;0.0;0.0;46004.0;468.0;26.0;148.0;148000.0;26.0
20;6;0.0;1.8710290430885346;1.4351851851851851;50051.0;13.347826086956522;1.726767676767677;1.3333333333333333;520.0;5.5;144.0;144000.0;26.0;1.1747799523596476;1.015661500335168;26.0;676.885263274481;0.0;0.0;0.0;0.0;0.0;0.0;0.0;0.0;50051.0;520.0;26.0;144.0;144000.0;26.0
20;7;0.0;2.486524141903369;1.2662337662337662;47654.0;117.0;1.5256313131313133;1.25;472.0;5.0;144.0;144000.0;25.0;1.1023573000749551;1.0464580881908367;25.0;661.9956140878292;0.0;0.0;0.0;0.0;0.0;0.0;0.0;0.0;47654.0;472.0;25.0;144.0;144000.0;25.0
20;8;0.0;1.0;1.0;36250.0;1.0;1.0598484848484846;1.0;360.0;1.5;192.0;192000.0;34.0;2.5782194685037076;1.3611985807236129;34.0;747.0178335205778;0.0;0.0;0.0;0.0;0.0;0.0;0.0;0.0;36250.0;360.0;34.0;192.0;192000.0;34.0
20;9;0.0;1.0;1.0;36250.0;1.0;1.0598484848484846;1.0;360.0;1.5;200.0;200000.0;36.0;4.034963352794019;1.3076434666500063;36.0;753.4282921923783;0.0;0.0;0.0;0.0;0.0;0.0;0.0;0.0;36250.0;360.0;36.0;200.0;200000.0;36.0
20;10;0.0;1.0;1.0;36250.0;1.0;1.0598484848484846;1.0;360.0;1.5;184.0;184000.0;33.0;2.6765972027203975;1.2844133584697783;33.0;736.290048348473;0.0;0.0;0.0;0.0;0.0;0.0;0.0;0.0;36250.0;360.0;33.0;184.0;184000.0;33.0
20;11;0.0;1.0;1.0;36250.0;1.0;1.0598484848484846;1.0;360.0;1.5;200.0;200000.0;36.0;3.444668952005305;1.3771680833645747;36.0;759.7205376181596;0.0;0.0;0.0;0.0;0.0;0.0;0.0;0.0;36250.0;360.0;36.0;200.0;200000.0;36.0
20;12;0.0;1.0;1.0;36250.0;1.0;1.0598484848484846;1.0;360.0;1.5;184.0;184000.0;33.0;14.197911163863917;1.168013559339631;33.0;715.0742324700637;0.0;0.0;0.0;0.0;0.0;0.0;0.0;0.0;36250.0;360.0;33.0;184.0;184000.0;33.0
20;13;0.0;1.0;1.0;36250.0;1.0;1.0598484848484846;1.0;360.0;1.5;176.0;176000.0;31.0;1.633038225483233;1.1891721908119275;31.0;726.6809007112765;0.0;0.0;0.0;0.0;0.0;0.0;0.0;0.0;36250.0;360.0;31.0;176.0;176000.0;31.0
20;14;0.0;1.0;1.0;36250.0;1.0;1.0598484848484846;1.0;360.0;1.5;200.0;200000.0;35.0;4.400731680596431;1.3580846780886615;35.0;744.7882153673332;0.0;0.0;0.0;0.0;0.0;0.0;0.0;0.0;36250.0;360.0;35.0;200.0;200000.0;35.0
20;15;0.0;1.0;1.0;36250.0;1.0;1.0598484848484846;1.0;360.0;1.5;184.0;184000.0;33.0;2.0956132446721516;1.2366136571612296;33.0;740.3593948753097;0.0;0.0;0.0;0.0;0.0;0.0;0.0;0.0;36250.0;360.0;33.0;184.0;184000.0;33.0
21;0;0.0;1.1313093670601422;1.0;38744.0;2.45;1.194570707070707;1.0;391.0;3.0;144.0;144000.0;25.0;1.1178109127957574;1.0169468543573914;25.0;661.1269442018275;0.0;0.0;0.0;0.0;0.0;0.0;0.0;0.0;38744.0;391.0;25.0;144.0;144000.0;25.0
21;1;0.0;2.853221746888088;1.0134831460674156;43597.0;169.0;1.4571969696969698;1.0;441.0;5.0;144.0;144000.0;25.0;1.1037151571868034;1.0416570216942436;25.0;661.9229603688856;0.0;0.0;0.0;0.0;0.0;0.0;0.0;0.0;43597.0;441.0;25.0;144.0;144000.0;25.0
21;2;0.0;1.6969276715781563;1.0;44254.0;10.347826086956522;1.3407828282828282;1.0;413.0;4.0;144.0;144000.0;25.0;1.1047521795085649;1.0334564294769333;25.0;661.884845598771;0.0;0.0;0.0;0.0;0.0;0.0;0.0;0.0;44254.0;413.0;25.0;144.0;144000.0;25.0
21;3;0.0;1.3666929513582835;1.0;40469.0;8.304347826086957;1.204040404040404;1.0;381.0;4.0;156.0;156000.0;27.0;1.3115730986077172;1.054275879397868;27.0;683.1074707563218;0.0;0.0;0.0;0.0;0.0;0.0;0.0;0.0;40469.0;381.0;27.0;156.0;156000.0;27.0
21;4;0.0;3.4395735930359583;1.097457627118644;45969.0;235.0;1.5074494949494948;1.2;462.0;4.0;136.0;136000.0;24.0;1.0487501955993688;1.0109945659042083;24.0;650.611033236383;0.0;0.0;0.0;0.0;0.0;0.0;0.0;0.0;45969.0;462.0;24.0;136.0;136000.0;24.0
21;5;0.0;4.851237011753936;1.0;42217.0;351.0;1.3329545454545448;1.0;417.0;7.0;148.0;148000.0;26.0;1.1649199261311554;1.064951384969276;26.0;675.0478652908412;0.0;0.0;0.0;0.0;0.0;0.0;0.0;0.0;42217.0;417.0;26.0;148.0;148000.0;26.0
21;6;0.0;1.6832552366157383;1.167123287671233;46008.0;8.304347826086957;1.5026515151515152;1.0;457.0;5.0;144.0;144000.0;26.0;1.1655424761790512;1.015661500335168;26.0;677.2902298854084;0.0;0.0;0.0;0.0;0.0;0.0;0.0;0.0;46008.0;457.0;26.0;144.0;144000.0;26.0
21;7;0.0;1.300467058859288;1.0;41598.0;6.063492063492063;1.2459595959595962;1.0;399.0;5.0;144.0;144000.0;25.0;1.1041534036337222;1.0568503276823156;25.0;662.007532913679;0.0;0.0;0.0;0.0;0.0;0.0;0.0;0.0;41598.0;399.0;25.0;144.0;144000.0;25.0
21;8;0.0;1.0;1.0;36250.0;1.0;1.0598484848484846;1.0;360.0;1.5;192.0;192000.0;34.0;2.5782194685037076;1.3611985807236129;34.0;747.0178335205778;0.0;0.0;0.0;0.0;0.0;0.0;0.0;0.0;36250.0;360.0;34.0;192.0;192000.0;34.0
21;9;0.0;1.0;1.0;36250.0;1.0;1.0598484848484846;1.0;360.0;1.5;200.0;200000.0;36.0;4.034963352794019;1.3076434666500063;36.0;753.4282921923783;0.0;0.0;0.0;0.0;0.0;0.0;0.0;0.0;36250.0;360.0;36.0;200.0;200000.0;36.0
21;10;0.0;1.0;1.0;36250.0;1.0;1.0598484848484846;1.0;360.0;1.5;184.0;184000.0;33.0;2.6765972027203975;1.2844133584697783;33.0;736.290048348473;0.0;0.0;0.0;0.0;0.0;0.0;0.0;0.0;36250.0;360.0;33.0;184.0;184000.0;33.0
21;11;0.0;1.0;1.0;36250.0;1.0;1.0598484848484846;1.0;360.0;1.5;200.0;200000.0;36.0;3.444668952005305;1.3771680833645747;36.0;759.7205376181596;0.0;0.0;0.0;0.0;0.0;0.0;0.0;0.0;36250.0;360.0;36.0;200.0;200000.0;36.0
21;12;0.0;1.0;1.0;36250.0;1.0;1.0598484848484846;1.0;360.0;1.5;184.0;184000.0;33.0;14.197911163863917;1.168013559339631;33.0;715.0742324700637;0.0;0.0;0.0;0.0;0.0;0.0;0.0;0.0;36250.0;360.0;33.0;184.0;184000.0;33.0
21;13;0.0;1.0;1.0;36250.0;1.0;1.0598484848484846;1.0;360.0;1.5;176.0;176000.0;31.0;1.633038225483233;1.1891721908119275;31.0;726.6809007112765;0.0;0.0;0.0;0.0;0.0;0.0;0.0;0.0;36250.0;360.0;31.0;176.0;176000.0;31.0
21;14;0.0;1.0;1.0;36250.0;1.0;1.0598484848484846;1.0;360.0;1.5;200.0;200000.0;35.0;4.400731680596431;1.3580846780886615;35.0;744.7882153673332;0.0;0.0;0.0;0.0;0.0;0.0;0.0;0.0;36250.0;360.0;35.0;200.0;200000.0;35.0
21;15;0.0;1.0;1.0;36250.0;1.0;1.0598484848484846;1.0;360.0;1.5;184.0;184000.0;33.0;2.0956132446721516;1.2366136571612296;33.0;740.3593948753097;0.0;0.0;0.0;0.0;0.0;0.0;0.0;0.0;36250.0;360.0;33.0;184.0;184000.0;33.0
22;0;0.0;1.1169160702271923;1.0;38666.0;2.45;1.1972222222222222;1.0;387.0;3.0;144.0;144000.0;25.0;1.1088556954251498;1.0197052372060982;25.0;661.6293748973263;0.0;0.0;0.0;0.0;0.0;0.0;0.0;0.0;38666.0;387.0;25.0;144.0;144000.0;25.0
22;1;0.0;2.694863764716204;1.0;41666.0;169.0;1.3542929292929289;1.0;424.0;5.5;144.0;144000.0;25.0;1.096291960872345;1.0423482948919145;25.0;662.3017691845583;0.0;0.0;0.0;0.0;0.0;0.0;0.0;0.0;41666.0;424.0;25.0;144.0;144000.0;25.0
22;2;0.0;1.673792394549299;1.0;42943.0;18.47826086956522;1.305429292929293;1.0;402.0;5.0;144.0;144000.0;25.0;1.1034521113110611;1.0314228707707367;25.0;661.981682574296;0.0;0.0;0.0;0.0;0.0;0.0;0.0;0.0;42943.0;402.0;25.0;144.0;144000.0;25.0
22;3;0.0;1.3286114596435428;1.0;40165.0;8.304347826086957;1.2090909090909088;1.0;384.0;5.0;156.0;156000.0;27.0;1.3567756995586735;1.0455378188454705;27.0;682.5807910002075;0.0;0.0;0.0;0.0;0.0;0.0;0.0;0.0;40165.0;384.0;27.0;156.0;156000.0;27.0
22;4;0.0;3.283177508662665;1.0;43039.0;235.0;1.4061868686868688;1.0;436.0;6.0;144.0;144000.0;25.0;1.1030360223345232;1.023664856675546;25.0;661.8623222996345;0.0;0.0;0.0;0.0;0.0;0.0;0.0;0.0;43039.0;436.0;25.0;144.0;144000.0;25.0
22;5;0.0;4.788423449550742;1.0;41338.0;351.0;1.302020202020202;1.0;410.0;7.0;148.0;148000.0;26.0;1.1614969366035621;1.0527990417189166;26.0;675.1230189589855;0.0;0.0;0.0;0.0;0.0;0.0;0.0;0.0;41338.0;410.0;26.0;148.0;148000.0;26.0
22;6;0.0;1.6554957020247176;1.01840490797546;44885.0;13.347826086956522;1.4656565656565657;1.0;447.0;5.0;144.0;144000.0;26.0;1.173811126845163;1.020307520686735;26.0;676.8478837664777;0.0;0.0;0.0;0.0;0.0;0.0;0.0;0.0;44885.0;447.0;26.0;144.0;144000.0;26.0
22;7;0.0;1.218161090094217;1.0;40526.0;5.095238095238095;1.1877525252525252;1.0;388.0;3.0;148.0;148000.0;26.0;1.152134946847465;1.0722876781040047;26.0;675.6891743277749;0.0;0.0;0.0;0.0;0.0;0.0;0.0;0.0;40526.0;388.0;26.0;148.0;148000.0;26.0
22;8;0.0;1.0;1.0;36250.0;1.0;1.0598484848484846;1.0;360.0;1.5;192.0;192000.0;34.0;2.5782194685037076;1.3611985807236129;34.0;747.0178335205778;0.0;0.0;0.0;0.0;0.0;0.0;0.0;0.0;36250.0;360.0;34.0;192.0;192000.0;34.0
22;9;0.0;1.0;1.0;36250.0;1.0;1.0598484848484846;1.0;360.0;1.5;200.0;200000.0;36.0;4.034963352794019;1.3076434666500063;36.0;753.4282921923783;0.0;0.0;0.0;0.0;0.0;0.0;0.0;0.0;36250.0;360.0;36.0;200.0;200000.0;36.0
22;10;0.0;1.0;1.0;36250.0;1.0;1.0598484848484846;1.0;360.0;1.5;184.0;184000.0;33.0;2.6765972027203975;1.2844133584697783;33.0;736.290048348473;0.0;0.0;0.0;0.0;0.0;0.0;0.0;0.0;36250.0;360.0;33.0;184.0;184000.0;33.0
22;11;0.0;1.0;1.0;36250.0;1.0;1.0598484848484846;1.0;360.0;1.5;200.0;200000.0;36.0;3.444668952005305;1.3771680833645747;36.0;759.7205376181596;0.0;0.0;0.0;0.0;0.0;0.0;0.0;0.0;36250.0;360.0;36.0;200.0;200000.0;36.0
22;12;0.0;1.0;1.0;36250.0;1.0;1.0598484848484846;1.0;360.0;1.5;184.0;184000.0;33.0;14.197911163863917;1.168013559339631;33.0;715.0742324700637;0.0;0.0;0.0;0.0;0.0;0.0;0.0;0.0;36250.0;360.0;33.0;184.0;184000.0;33.0
22;13;0.0;1.0;1.0;36250.0;1.0;1.0598484848484846;1.0;360.0;1.5;176.0;176000.0;31.0;1.633038225483233;1.1891721908119275;31.0;726.6809007112765;0.0;0.0;0.0;0.0;0.0;0.0;0.0;0.0;36250.0;360.0;31.0;176.0;176000.0;31.0
22;14;0.0;1.0;1.0;36250.0;1.0;1.0598484848484846;1.0;360.0;1.5;200.0;200000.0;35.0;4.400731680596431;1.3580846780886615;35.0;744.7882153673332;0.0;0.0;0.0;0.0;0.0;0.0;0.0;0.0;36250.0;360.0;35.0;200.0;200000.0;35.0
22;15;0.0;1.0;1.0;36250.0;1.0;1.0598484848484846;1.0;360.0;1.5;184.0;184000.0;33.0;2.0956132446721516;1.2366136571612296;33.0;740.3593948753097;0.0;0.0;0.0;0.0;0.0;0.0;0.0;0.0;36250.0;360.0;33.0;184.0;184000.0;33.0
23;0;0.0;1.1004617706002016;1.0;38485.0;2.4;1.177020202020202;1.0;381.0;3.0;144.0;144000.0;25.0;1.113867168571859;1.010635251631334;25.0;661.4213064037124;0.0;0.0;0.0;0.0;0.0;0.0;0.0;0.0;38485.0;381.0;25.0;144.0;144000.0;25.0
23;1;0.0;2.5863874217187988;1.0;40403.0;169.0;1.2536616161616163;1.0;399.0;3.0;144.0;144000.0;25.0;1.0990431822885622;1.0270279522774346;25.0;662.1171215818094;0.0;0.0;0.0;0.0;0.0;0.0;0.0;0.0;40403.0;399.0;25.0;144.0;144000.0;25.0
23;2;0.0;1.6265656508821424;1.0;42336.0;15.083333333333334;1.3032828282828284;1.0;398.0;6.0;144.0;144000.0;25.0;1.1051560316381335;1.0432369556259165;25.0;661.908878326769;0.0;0.0;0.0;0.0;0.0;0.0;0.0;0.0;42336.0;398.0;25.0;144.0;144000.0;25.0
23;3;0.0;1.2879613310825297;1.0;39425.0;10.347826086956522;1.1492424242424244;1.0;371.0;4.0;148.0;148000.0;26.0;1.171924819734915;1.0439660502240469;26.0;674.6841379363674;0.0;0.0;0.0;0.0;0.0;0.0;0.0;0.0;39425.0;371.0;26.0;148.0;148000.0;26.0
23;4;0.0;1.4712884438659113;1.0;41356.0;16.666666666666668;1.3146464646464648;1.0;408.0;7.0;160.0;160000.0;28.0;1.7101139900760027;1.048650386951993;28.0;688.545909168139;0.0;0.0;0.0;0.0;0.0;0.0;0.0;0.0;41356.0;408.0;28.0;160.0;160000.0;28.0
23;5;0.0;5.911315169228165;1.0;41439.0;496.0;1.3428030303030305;1.0;416.0;10.0;148.0;148000.0;26.0;1.2147416217896307;1.038482707532115;26.0;673.0126692645354;0.0;0.0;0.0;0.0;0.0;0.0;0.0;0.0;41439.0;416.0;26.0;148.0;148000.0;26.0
23;6;0.0;1.4191071821624919;1.0;40985.0;8.304347826086957;1.3025252525252529;1.0;404.0;4.0;152.0;152000.0;27.0;1.2510821019266498;1.0417884498072114;27.0;686.6470177028983;0.0;0.0;0.0;0.0;0.0;0.0;0.0;0.0;40985.0;404.0;27.0;152.0;152000.0;27.0
23;7;0.0;1.153612992690712;1.0;39194.0;3.857142857142857;1.1531565656565657;1.0;377.0;3.0;148.0;148000.0;26.0;1.1564659230272958;1.0806624460794467;26.0;675.5348794654074;0.0;0.0;0.0;0.0;0.0;0.0;0.0;0.0;39194.0;377.0;26.0;148.0;148000.0;26.0
23;8;0.0;1.0;1.0;36250.0;1.0;1.0598484848484846;1.0;360.0;1.5;192.0;192000.0;34.0;2.5782194685037076;1.3611985807236129;34.0;747.0178335205778;0.0;0.0;0.0;0.0;0.0;0.0;0.0;0.0;36250.0;360.0;34.0;192.0;192000.0;34.0
23;9;0.0;1.0;1.0;36250.0;1.0;1.0598484848484846;1.0;360.0;1.5;200.0;200000.0;36.0;4.034963352794019;1.3076434666500063;36.0;753.4282921923783;0.0;0.0;0.0;0.0;0.0;0.0;0.0;0.0;36250.0;360.0;36.0;200.0;200000.0;36.0
23;10;0.0;1.0;1.0;36250.0;1.0;1.0598484848484846;1.0;360.0;1.5;184.0;184000.0;33.0;2.6765972027203975;1.2844133584697783;33.0;736.290048348473;0.0;0.0;0.0;0.0;0.0;0.0;0.0;0.0;36250.0;360.0;33.0;184.0;184000.0;33.0
23;11;0.0;1.0;1.0;36250.0;1.0;1.0598484848484846;1.0;360.0;1.5;200.0;200000.0;36.0;3.444668952005305;1.3771680833645747;36.0;759.7205376181596;0.0;0.0;0.0;0.0;0.0;0.0;0.0;0.0;36250.0;360.0;36.0;200.0;200000.0;36.0
23;12;0.0;1.0;1.0;36250.0;1.0;1.0598484848484846;1.0;360.0;1.5;184.0;184000.0;33.0;14.197911163863917;1.168013559339631;33.0;715.0742324700637;0.0;0.0;0.0;0.0;0.0;0.0;0.0;0.0;36250.0;360.0;33.0;184.0;184000.0;33.0
23;13;0.0;1.0;1.0;36250.0;1.0;1.0598484848484846;1.0;360.0;1.5;176.0;176000.0;31.0;1.633038225483233;1.1891721908119275;31.0;726.6809007112765;0.0;0.0;0.0;0.0;0.0;0.0;0.0;0.0;36250.0;360.0;31.0;176.0;176000.0;31.0
23;14;0.0;1.0;1.0;36250.0;1.0;1.0598484848484846;1.0;360.0;1.5;200.0;200000.0;35.0;4.400731680596431;1.3580846780886615;35.0;744.7882153673332;0.0;0.0;0.0;0.0;0.0;0.0;0.0;0.0;36250.0;360.0;35.0;200.0;200000.0;35.0
23;15;0.0;1.0;1.0;36250.0;1.0;1.0598484848484846;1.0;360.0;1.5;184.0;184000.0;33.0;2.0956132446721516;1.2366136571612296;33.0;740.3593948753097;0.0;0.0;0.0;0.0;0.0;0.0;0.0;0.0;36250.0;360.0;33.0;184.0;184000.0;33.0
24;0;0.0;1.0859469599143279;1.0;38028.0;3.6;1.180429292929293;1.0;382.0;5.0;144.0;144000.0;25.0;1.1132962874244234;1.0171594804349375;25.0;661.3321630672424;0.0;0.0;0.0;0.0;0.0;0.0;0.0;0.0;38028.0;382.0;25.0;144.0;144000.0;25.0
24;1;0.0;2.6717113465785056;1.0;40733.0;169.0;1.279040404040404;1.0;404.0;5.0;144.0;144000.0;25.0;1.1019142585588104;1.0480556820338802;25.0;662.0505645831751;0.0;0.0;0.0;0.0;0.0;0.0;0.0;0.0;40733.0;404.0;25.0;144.0;144000.0;25.0
24;2;0.0;1.5134424535983122;1.0;41358.0;8.304347826086957;1.2468434343434343;1.0;387.0;3.0;144.0;144000.0;25.0;1.1011886021216541;1.0182746354576808;25.0;662.002012178674;0.0;0.0;0.0;0.0;0.0;0.0;0.0;0.0;41358.0;387.0;25.0;144.0;144000.0;25.0
24;3;0.0;1.2541851978379304;1.0;38823.0;8.304347826086957;1.124621212121212;1.0;362.0;3.0;148.0;148000.0;26.0;1.1668878351259007;1.0638738009255702;26.0;674.9720315846909;0.0;0.0;0.0;0.0;0.0;0.0;0.0;0.0;38823.0;362.0;26.0;148.0;148000.0;26.0
24;4;0.0;1.234620083849034;1.0;39368.0;8.304347826086957;1.180808080808081;1.0;378.0;5.0;152.0;152000.0;27.0;1.3065591614974112;1.0305506747530546;27.0;684.2938866543717;0.0;0.0;0.0;0.0;0.0;0.0;0.0;0.0;39368.0;378.0;27.0;152.0;152000.0;27.0
24;5;0.0;4.759738805847295;1.0;40743.0;351.0;1.281818181818182;1.0;405.0;7.0;148.0;148000.0;26.0;1.1689143241548285;1.0495932826029912;26.0;674.8521942510722;0.0;0.0;0.0;0.0;0.0;0.0;0.0;0.0;40743.0;405.0;26.0;148.0;148000.0;26.0
24;6;0.0;1.366627031292465;1.0;40658.0;8.304347826086957;1.2309343434343434;1.0;390.0;4.0;152.0;152000.0;27.0;1.281444254834513;1.0547076877643364;27.0;685.7614747542852;0.0;0.0;0.0;0.0;0.0;0.0;0.0;0.0;40658.0;390.0;27.0;152.0;152000.0;27.0
24;7;0.0;1.149127859495893;1.0;39283.0;3.857142857142857;1.1520202020202017;1.0;378.0;3.0;148.0;148000.0;26.0;1.1719619066589948;1.064117828584806;26.0;674.8522566986114;0.0;0.0;0.0;0.0;0.0;0.0;0.0;0.0;39283.0;378.0;26.0;148.0;148000.0;26.0
24;8;0.0;1.0;1.0;36250.0;1.0;1.0598484848484846;1.0;360.0;1.5;192.0;192000.0;34.0;2.5782194685037076;1.3611985807236129;34.0;747.0178335205778;0.0;0.0;0.0;0.0;0.0;0.0;0.0;0.0;36250.0;360.0;34.0;192.0;192000.0;34.0
24;9;0.0;1.0;1.0;36250.0;1.0;1.0598484848484846;1.0;360.0;1.5;200.0;200000.0;36.0;4.034963352794019;1.3076434666500063;36.0;753.4282921923783;0.0;0.0;0.0;0.0;0.0;0.0;0.0;0.0;36250.0;360.0;36.0;200.0;200000.0;36.0
24;10;0.0;1.0;1.0;36250.0;1.0;1.0598484848484846;1.0;360.0;1.5;184.0;184000.0;33.0;2.6765972027203975;1.2844133584697783;33.0;736.290048348473;0.0;0.0;0.0;0.0;0.0;0.0;0.0;0.0;36250.0;360.0;33.0;184.0;184000.0;33.0
24;11;0.0;1.0;1.0;36250.0;1.0;1.0598484848484846;1.0;360.0;1.5;200.0;200000.0;36.0;3.444668952005305;1.3771680833645747;36.0;759.7205376181596;0.0;0.0;0.0;0.0;0.0;0.0;0.0;0.0;36250.0;360.0;36.0;200.0;200000.0;36.0
24;12;0.0;1.0;1.0;36250.0;1.0;1.0598484848484846;1.0;360.0;1.5;184.0;184000.0;33.0;14.197911163863917;1.168013559339631;33.0;715.0742324700637;0.0;0.0;0.0;0.0;0.0;0.0;0.0;0.0;36250.0;360.0;33.0;184.0;184000.0;33.0
24;13;0.0;1.0;1.0;36250.0;1.0;1.0598484848484846;1.0;360.0;1.5;176.0;176000.0;31.0;1.633038225483233;1.1891721908119275;31.0;726.6809007112765;0.0;0.0;0.0;0.0;0.0;0.0;0.0;0.0;36250.0;360.0;31.0;176.0;176000.0;31.0
24;14;0.0;1.0;1.0;36250.0;1.0;1.0598484848484846;1.0;360.0;1.5;200.0;200000.0;35.0;4.400731680596431;1.3580846780886615;35.0;744.7882153673332;0.0;0.0;0.0;0.0;0.0;0.0;0.0;0.0;36250.0;360.0;35.0;200.0;200000.0;35.0
24;15;0.0;1.0;1.0;36250.0;1.0;1.0598484848484846;1.0;360.0;1.5;184.0;184000.0;33.0;2.0956132446721516;1.2366136571612296;33.0;740.3593948753097;0.0;0.0;0.0;0.0;0.0;0.0;0.0;0.0;36250.0;360.0;33.0;184.0;184000.0;33.0
25;0;0.0;1.0872039634377002;1.0;38184.0;2.4;1.1678030303030305;1.0;380.0;3.0;144.0;144000.0;25.0;1.1085872853673848;1.029145397661782;25.0;661.680328606767;0.0;0.0;0.0;0.0;0.0;0.0;0.0;0.0;38184.0;380.0;25.0;144.0;144000.0;25.0
25;1;0.0;2.5729504449122915;1.0;40083.0;169.0;1.251262626262626;1.0;395.0;6.0;144.0;144000.0;25.0;1.1012515268421939;1.026416540360409;25.0;662.0619393852944;0.0;0.0;0.0;0.0;0.0;0.0;0.0;0.0;40083.0;395.0;25.0;144.0;144000.0;25.0
25;2;0.0;1.4784214411418948;1.0;40667.0;8.304347826086957;1.2247474747474747;1.0;383.0;3.0;144.0;144000.0;25.0;1.135418706125313;1.0344233090052297;25.0;660.8036689696288;0.0;0.0;0.0;0.0;0.0;0.0;0.0;0.0;40667.0;383.0;25.0;144.0;144000.0;25.0
25;3;0.0;1.2407798740481095;1.0;39050.0;8.304347826086957;1.1347222222222222;1.0;367.0;5.0;148.0;148000.0;26.0;1.1789357524264277;1.054670608791031;26.0;674.4908755311236;0.0;0.0;0.0;0.0;0.0;0.0;0.0;0.0;39050.0;367.0;26.0;148.0;148000.0;26.0
25;4;0.0;1.2103631344885746;1.0;38672.0;8.304347826086957;1.1382575757575757;1.0;371.0;3.0;152.0;152000.0;27.0;1.3008407768990955;1.0480477490554472;27.0;684.542652450664;0.0;0.0;0.0;0.0;0.0;0.0;0.0;0.0;38672.0;371.0;27.0;152.0;152000.0;27.0
25;5;0.0;4.7229610631399055;1.0;40110.0;351.0;1.2893939393939393;1.0;410.0;7.0;148.0;148000.0;26.0;1.154574524937789;1.065624722493562;26.0;675.6098924771708;0.0;0.0;0.0;0.0;0.0;0.0;0.0;0.0;40110.0;410.0;26.0;148.0;148000.0;26.0
25;6;0.0;1.376720212451961;1.0;40390.0;8.304347826086957;1.21489898989899;1.0;382.0;4.0;152.0;152000.0;27.0;1.256405476642705;1.04219741535041;27.0;686.3133219662027;0.0;0.0;0.0;0.0;0.0;0.0;0.0;0.0;40390.0;382.0;27.0;152.0;152000.0;27.0
25;7;0.0;1.1311175129971316;1.0;38912.0;3.388571428571429;1.121717171717172;1.0;366.0;3.0;148.0;148000.0;26.0;1.203906776051102;1.0906407271907639;26.0;673.6862063778847;0.0;0.0;0.0;0.0;0.0;0.0;0.0;0.0;38912.0;366.0;26.0;148.0;148000.0;26.0
25;8;0.0;1.0;1.0;36250.0;1.0;1.0598484848484846;1.0;360.0;1.5;192.0;192000.0;34.0;2.5782194685037076;1.3611985807236129;34.0;747.0178335205778;0.0;0.0;0.0;0.0;0.0;0.0;0.0;0.0;36250.0;360.0;34.0;192.0;192000.0;34.0
25;9;0.0;1.0;1.0;36250.0;1.0;1.0598484848484846;1.0;360.0;1.5;200.0;200000.0;36.0;4.034963352794019;1.3076434666500063;36.0;753.4282921923783;0.0;0.0;0.0;0.0;0.0;0.0;0.0;0.0;36250.0;360.0;36.0;200.0;200000.0;36.0
25;10;0.0;1.0;1.0;36250.0;1.0;1.0598484848484846;1.0;360.0;1.5;184.0;184000.0;33.0;2.6765972027203975;1.2844133584697783;33.0;736.290048348473;0.0;0.0;0.0;0.0;0.0;0.0;0.0;0.0;36250.0;360.0;33.0;184.0;184000.0;33.0
25;11;0.0;1.0;1.0;36250.0;1.0;1.0598484848484846;1.0;360.0;1.5;200.0;200000.0;36.0;3.444668952005305;1.3771680833645747;36.0;759.7205376181596;0.0;0.0;0.0;0.0;0.0;0.0;0.0;0.0;36250.0;360.0;36.0;200.0;200000.0;36.0
25;12;0.0;1.0;1.0;36250.0;1.0;1.0598484848484846;1.0;360.0;1.5;184.0;184000.0;33.0;14.197911163863917;1.168013559339631;33.0;715.0742324700637;0.0;0.0;0.0;0.0;0.0;0.0;0.0;0.0;36250.0;360.0;33.0;184.0;184000.0;33.0
25;13;0.0;1.0;1.0;36250.0;1.0;1.0598484848484846;1.0;360.0;1.5;176.0;176000.0;31.0;1.633038225483233;1.1891721908119275;31.0;726.6809007112765;0.0;0.0;0.0;0.0;0.0;0.0;0.0;0.0;36250.0;360.0;31.0;176.0;176000.0;31.0
25;14;0.0;1.0;1.0;36250.0;1.0;1.0598484848484846;1.0;360.0;1.5;200.0;200000.0;35.0;4.400731680596431;1.3580846780886615;35.0;744.7882153673332;0.0;0.0;0.0;0.0;0.0;0.0;0.0;0.0;36250.0;360.0;35.0;200.0;200000.0;35.0
25;15;0.0;1.0;1.0;36250.0;1.0;1.0598484848484846;1.0;360.0;1.5;184.0;184000.0;33.0;2.0956132446721516;1.2366136571612296;33.0;740.3593948753097;0.0;0.0;0.0;0.0;0.0;0.0;0.0;0.0;36250.0;360.0;33.0;184.0;184000.0;33.0
