# Anzahl Nodes, Anzahl Links
12 15

# Node-ID Cores RAM HDD
0 0 0 0
1 160 160000 100
2 0 0 0
3 160 160000 100
4 160 160000 100
5 160 160000 100
6 0 0 0
7 0 0 0
8 0 0 0
9 160 160000 100
10 160 160000 100
11 160 160000 100

# Node-ID Node-ID Bandwidth Delay
0 1 10000000 1
1 4 10000000 117
1 5 10000000 58
1 11 10000000 84
2 5 10000000 26
2 8 10000000 70
3 6 10000000 63
3 9 10000000 129
3 10 10000000 209
4 6 10000000 90
4 7 10000000 189
5 6 10000000 54
7 9 10000000 36
8 11 10000000 23
9 10 10000000 86
