temperature;iteration;numberOfVnfInstances;meanLoad;individualLoads
50.0;0;26;0.8725744117647057;0.9207788888888889,0.9860683333333334,0.8401444444444444,0.9996444444444443,0.9466055555555553,0.9956699999999998,0.9990483333333333,0.9983533333333332,0.9301766666666667,0.9990255555555556,0.9704844444444441,0.7445977777777778,0.9889499999999998,0.6256477777777777,0.9852966666666666,0.9986383333333333,0.9979233333333334,0.997961111111111,0.9978999999999999,0.9989566666666665,0.9992316666666666,0.9940833333333332,0.9999288888888888,0.9607277777777777,0.10562333333333335,0.09327888888888888
42.5;1;27;0.8476437142857142;0.8380355555555555,0.9859966666666667,0.8070144444444443,0.9996444444444443,0.6871577777777776,0.9956699999999998,0.99762,0.991305,0.39292666666666676,0.9987566666666667,0.852613333333333,0.6103183333333334,0.4302377777777778,0.9994188888888887,0.2403277777777778,0.9939066666666667,0.9347299999999996,0.9381855555555555,0.997961111111111,0.8909933333333332,0.9989566666666665,0.9996616666666669,0.9880849999999998,0.9999288888888888,0.9516677777777778,0.9392455555555557,0.61438
36.125;2;27;0.8476437142857143;0.7285400000000001,0.9920716666666668,0.52992,0.47769111111111107,0.9978355555555555,0.6342277777777776,0.9031533333333335,0.9976466666666666,0.9997988888888887,0.8819133333333331,0.9207666666666664,0.8433511111111109,0.8165555555555555,0.93985,0.42368222222222224,0.9989622222222223,0.9581699999999999,0.9990716666666665,0.9992183333333332,0.9991616666666668,0.9429833333333335,0.9872288888888886,0.9991477777777777,0.4593455555555556,0.98943,0.6735500000000002,0.981472222222222
30.70625;3;26;0.8855979104477611;0.7876577777777778,0.9962633333333334,0.793145,0.9979455555555554,0.7668844444444446,0.9941244444444443,0.7767255555555556,0.8348199999999999,0.9998177777777779,0.8925144444444443,0.9996666666666668,0.9674766666666663,0.9650144444444442,0.9820277777777776,0.9951466666666668,0.82487,0.9817877777777777,0.9986900000000001,0.4660411111111112,0.9890533333333333,0.9920016666666666,0.5146366666666667,0.6172666666666666,0.9820966666666667,0.9702511111111108,0.98882
26.1003125;4;28;0.8128090410958904;0.9859133333333332,0.1231688888888889,0.9989788888888889,0.6965077777777778,0.9981583333333331,0.9938855555555557,0.9887833333333331,0.31615111111111116,0.9926249999999999,0.9980983333333334,0.6571033333333335,0.7317466666666665,0.9998922222222221,0.6562811111111111,0.9994999999999998,0.9997083333333332,0.63433,0.965858888888889,0.9993100000000003,0.8318183333333333,0.8902044444444446,0.9391666666666667,0.9995666666666667,0.7789583333333333,0.9980044444444447,0.31804,0.9991333333333332,0.5838522222222223
22.185265625;5;27;0.8476437142857145;0.8525100000000001,0.8699816666666668,0.47013999999999995,0.9996255555555555,0.7165088888888888,0.9989533333333335,0.9099266666666667,0.9959477777777778,0.8500911111111111,0.8274811111111107,0.725105,0.7539088888888886,0.5566,0.9992833333333334,0.922353333333333,0.9579700000000001,0.736048888888889,0.9911716666666667,0.84151,0.7260833333333334,0.9413722222222222,0.9986649999999999,0.8878416666666668,0.9607633333333331,0.9626377777777777,0.744385,0.87788
18.85747578125;6;27;0.8476437142857145;0.9926477777777777,0.5949622222222221,0.9199849999999999,0.35015666666666667,0.9994033333333334,0.6210855555555556,0.99931,0.8791300000000001,0.9956311111111111,0.9937155555555555,0.8327966666666663,0.93609,0.9081655555555554,0.9891699999999999,0.8984599999999997,0.9375977777777779,0.8459411111111113,0.9935033333333335,0.6065333333333333,0.6283911111111111,0.720431111111111,0.9187866666666668,0.8246755555555555,0.9855166666666666,0.9968066666666667,0.7514016666666666,0.954451111111111
16.028854414062497;7;26;0.885597910447761;0.9988988888888889,0.8304377777777778,0.5505655555555555,0.9902388888888887,0.9925766666666668,0.9973083333333334,0.8047300000000001,0.9956311111111111,0.8852222222222222,0.9383577777777774,0.8149483333333333,0.8716877777777778,0.9984516666666667,0.83061,0.8673744444444446,0.9575611111111111,0.99567,0.5937499999999999,0.6790833333333333,0.9094644444444443,0.9187866666666668,0.845491111111111,0.9678255555555554,0.9999966666666665,0.9423483333333331,0.8977288888888888
13.624526251953123;8;26;0.885597910447761;0.9890255555555555,0.5968249999999999,0.9998822222222222,0.9602644444444441,0.9930766666666667,0.9795233333333331,0.9963777777777778,0.9984488888888888,0.49082444444444445,0.9939377777777778,0.8732133333333333,0.49050888888888894,0.9999766666666666,0.9998050000000003,0.5902766666666668,0.8162211111111111,0.9202922222222224,0.9484866666666665,0.9034688888888889,0.7442655555555556,0.9214455555555557,0.9851166666666665,0.9958349999999999,0.9942833333333334,0.9178749999999999,0.9754888888888887
11.580847314160154;9;27;0.8476437142857142;0.6577488888888888,0.2229783333333334,0.9971055555555557,0.6440777777777775,0.9977166666666667,0.9960466666666665,0.9423933333333334,0.9963777777777778,0.992691111111111,0.9749711111111109,0.9980166666666667,0.0779511111111111,0.6624411111111108,0.9997399999999999,0.9979966666666669,0.7820516666666667,0.9851677777777779,0.9979933333333333,0.9064655555555555,0.999145,0.9641666666666665,0.9988266666666665,0.5660677777777777,0.7473577777777779,0.99907,0.9878716666666666,0.9823088888888886
9.84372021703613;10;26;0.8855979104477611;0.9964033333333331,0.9983116666666666,0.6810233333333333,0.9712544444444442,0.9732211111111111,0.9954083333333333,0.6776933333333333,0.9998022222222223,0.6871088888888889,0.9756922222222221,0.9077644444444444,0.9998783333333335,0.9998983333333334,0.7424250000000001,0.41021222222222226,0.9949155555555557,0.8145155555555554,0.9643433333333331,0.7646566666666669,0.9188444444444445,0.94904,0.8656922222222225,0.9191922222222223,0.987695,0.89346,0.986293333333333
8.36716218448071;11;26;0.885597910447761;0.9763799999999998,0.9982633333333333,0.726815,0.9625266666666664,0.9899755555555555,0.9954083333333333,0.9492733333333331,0.9998022222222223,0.7116544444444445,0.9126388888888888,0.9077644444444444,0.9980216666666667,0.9999666666666666,0.4637083333333333,0.44615,0.9949155555555557,0.9847311111111109,0.9887616666666664,0.8102566666666667,0.7941966666666667,0.9790516666666665,0.9606866666666668,0.9399466666666665,0.987695,0.8022116666666668,0.7939433333333333
7.1120878568086034;12;26;0.885597910447761;0.9183100000000001,0.9828649999999999,0.6853349999999999,0.9885166666666666,0.8971688888888888,0.9972883333333332,0.965745,0.9797711111111113,0.7516744444444444,0.9467355555555553,0.9311755555555555,0.9993333333333334,0.6296883333333333,0.9554988888888888,0.9988166666666665,0.41146000000000005,0.9979966666666666,0.9533616666666668,0.9487855555555555,0.6982822222222222,0.7476899999999999,0.9230811111111112,0.9858966666666665,0.987695,0.9421783333333333,0.8503955555555555
6.045274678287313;13;27;0.8476437142857143;0.8638877777777776,0.45162333333333343,0.4917544444444444,0.99939,0.8804388888888889,0.99617,0.9918383333333335,0.9979733333333333,0.7114616666666668,0.9977355555555556,0.7084944444444443,0.6277577777777777,0.8638316666666668,0.9941466666666665,0.9457744444444444,0.9958616666666665,0.9527433333333333,0.8713911111111109,0.6820344444444442,0.9908033333333333,0.9860244444444444,0.8397177777777779,0.9453266666666669,0.9742822222222224,0.7537833333333332,0.9915433333333332,0.5689555555555557
5.1384834765442156;14;27;0.8476437142857142;0.88994,0.42880000000000007,0.6831844444444443,0.99939,0.9374,0.99617,0.9918383333333335,0.9983316666666667,0.8462616666666667,0.9939444444444444,0.8339655555555555,0.6583155555555554,0.9559366666666665,0.965951111111111,0.981601111111111,0.9958616666666665,0.8964816666666665,0.8901299999999999,0.6362766666666664,0.95108,0.9296188888888887,0.7727766666666667,0.8447966666666668,0.7987200000000002,0.7170844444444444,0.983618333333333,0.49727000000000005
4.3677109550625834;15;25;0.9271103125;0.9902955555555554,0.6098216666666667,0.9215933333333332,0.99939,0.9943911111111112,0.99617,0.9996216666666667,0.987285,0.8004450000000001,0.999991111111111,0.9605966666666665,0.9980677777777777,0.9950750000000002,0.8986033333333332,0.9877211111111109,0.74431,0.9973055555555552,0.8803250000000001,0.991672222222222,0.9418344444444446,0.9854050000000001,0.7811855555555557,0.6714999999999999,0.9921149999999996,0.9500244444444443
3.7125543118031956;16;27;0.8476437142857142;0.9960755555555555,0.5792533333333332,0.9652483333333334,0.741491111111111,0.9994511111111111,0.6292099999999999,0.9970266666666667,0.9968116666666667,0.9991116666666666,0.7940466666666667,0.9985166666666666,0.9903244444444442,0.7474466666666667,0.9999444444444446,0.827603333333333,0.9946233333333335,0.9987349999999998,0.6363483333333334,0.9990688888888889,0.709163333333333,0.7264955555555553,0.9976083333333332,0.8347511111111112,0.9414700000000001,0.7346655555555557,0.5681466666666667,0.6721077777777777
3.1556711650327163;17;26;0.8855979104477611;0.9305877777777778,0.693335,0.7563577777777778,0.9996600000000001,0.9801155555555556,0.9970266666666667,0.9996200000000001,0.8984566666666666,0.9995955555555553,0.6558200000000001,0.9988022222222224,0.9679755555555556,0.9946233333333335,0.9969016666666666,0.8969566666666666,0.9958355555555555,0.96671,0.8681033333333332,0.998165,0.8582083333333332,0.9654088888888889,0.84754,0.9188599999999999,0.6970455555555556,0.6370233333333334,0.5560111111111111
2.682320490277809;18;25;0.9271103125;0.9834855555555555,0.9341166666666667,0.8973633333333333,0.9988366666666666,0.9999022222222222,0.9984066666666664,0.9992183333333332,0.9722183333333332,0.9988366666666666,0.9958566666666667,0.9997033333333334,0.6785566666666666,0.9963099999999999,0.9233066666666665,0.9998477777777777,0.804723333333333,0.7177016666666667,0.9644433333333332,0.9991633333333334,0.7964483333333334,0.990463333333333,0.9678566666666666,0.9946649999999999,0.5576216666666667,0.9056933333333334
2.2799724167361375;19;25;0.9271103124999999;0.9598455555555556,0.9137883333333332,0.9913566666666664,0.9988366666666666,0.9612499999999997,0.9861499999999999,0.9992183333333332,0.8733783333333334,0.99533,0.8469666666666666,0.9988955555555555,0.7566044444444442,0.9986166666666666,0.9017666666666666,0.9998944444444443,0.7818611111111108,0.5388733333333332,0.99029,0.9978083333333333,0.8891733333333334,0.9806099999999999,0.9270622222222222,0.99569,0.7947133333333335,0.9967655555555558
1.9379765542257168;20;25;0.9271103124999999;0.9851844444444444,0.9608399999999998,0.9641133333333334,0.9988366666666666,0.9833355555555555,0.985675,0.9992183333333332,0.9921366666666668,0.9968211111111112,0.9664733333333334,0.9993399999999998,0.6658788888888888,0.9999266666666665,0.9732816666666664,0.9997844444444445,0.7583966666666664,0.5197383333333333,0.9851355555555557,0.9987133333333332,0.8815816666666666,0.928551111111111,0.9750733333333333,0.9976183333333334,0.5804466666666667,0.9786444444444444
1.6472800710918591;21;25;0.9271103125000002;0.9697933333333333,0.9545799999999999,0.9971622222222223,0.9988366666666666,0.9082433333333334,0.9886733333333333,0.9831299999999998,0.8907533333333333,0.9976466666666666,0.9507811111111111,0.9932633333333332,0.8531822222222223,0.9959516666666666,0.9810166666666665,0.99942,0.7176655555555554,0.6187216666666667,0.8887899999999996,0.9982816666666667,0.9316299999999997,0.9474799999999999,0.9806755555555556,0.9985700000000001,0.5478683333333333,0.9826288888888889
1.4001880604280803;22;25;0.9271103124999999;0.9912766666666668,0.8867033333333332,0.993417777777778,0.9976466666666666,0.9974277777777777,0.994505,0.9831299999999998,0.9502283333333332,0.9976466666666666,0.9942544444444442,0.993581111111111,0.8362211111111112,0.9959516666666666,0.9894649999999998,0.9984355555555554,0.7773244444444443,0.49879166666666663,0.8565644444444444,0.9894766666666666,0.9988666666666666,0.8771277777777778,0.9200666666666666,0.9946199999999998,0.6074383333333333,0.9545777777777777
1.1901598513638683;23;25;0.9271103124999999;0.9788533333333335,0.9414666666666665,0.9546388888888888,0.9976466666666666,0.9916233333333333,0.994505,0.9831299999999998,0.9869733333333333,0.9976466666666666,0.9752,0.9953888888888888,0.6468555555555555,0.9993566666666667,0.9726599999999996,0.9994044444444447,0.8110388888888885,0.5980383333333333,0.9916988888888888,0.9998066666666667,0.85888,0.88454,0.9907177777777778,0.9974733333333334,0.5568866666666665,0.9703155555555554
1.011635873659288;24;25;0.9271103125;0.9728866666666666,0.8526699999999999,0.9716799999999998,0.9988366666666666,0.9101166666666667,0.994505,0.9992183333333332,0.9484166666666664,0.9976466666666666,0.9393255555555556,0.999451111111111,0.7494955555555555,0.9914783333333332,0.9824683333333332,0.9977544444444445,0.8034433333333334,0.70628,0.9999499999999996,0.990001666666667,0.9203783333333331,0.919061111111111,0.9620477777777778,0.9953783333333333,0.5083816666666667,0.9638733333333334
